Class,fileName,top,left,height,width,ymin,xmin,ymax,xmax
pothole,pothole (230).jpg,371,197,16,39,355,197,371,236
pothole,pothole (230).jpg,347,269,11,34,336,269,347,303
pothole,pothole (230).jpg,317,169,13,21,304,169,317,190
pothole,pothole (230).jpg,316,192,9,29,307,192,316,221
pothole,pothole (230).jpg,297,69,7,26,290,69,297,95
pothole,pothole (654).jpg,381,251,52,151,329,251,381,402
pothole,pothole (654).jpg,382,141,74,82,308,141,382,223
pothole,pothole (22).jpg,337,209,19,69,318,209,337,278
pothole,pothole (22).jpg,356,293,21,33,335,293,356,326
pothole,pothole (22).jpg,291,93,10,30,281,93,291,123
pothole,pothole (22).jpg,290,52,9,14,281,52,290,66
pothole,pothole (22).jpg,289,18,7,12,282,18,289,30
pothole,pothole (22).jpg,264,40,5,34,259,40,264,74
pothole,pothole (22).jpg,276,92,7,12,269,92,276,104
pothole,pothole (22).jpg,303,292,10,17,293,292,303,309
pothole,pothole (62).jpg,180,294,8,42,172,294,180,336
pothole,pothole (62).jpg,250,387,11,14,239,387,250,401
pothole,pothole (98).jpg,255,241,22,52,233,241,255,293
pothole,pothole (131).jpg,389,337,37,79,352,337,389,416
pothole,pothole (165).jpg,236,186,68,127,168,186,236,313
pothole,pothole (165).jpg,189,279,43,69,146,279,189,348
pothole,pothole (197).jpg,255,209,41,78,214,209,255,287
pothole,pothole (197).jpg,217,213,28,55,189,213,217,268
pothole,pothole (197).jpg,291,479,32,33,259,479,291,512
pothole,pothole (197).jpg,220,385,18,46,202,385,220,431
pothole,pothole (197).jpg,245,446,31,66,214,446,245,512
pothole,pothole (233).jpg,405,137,31,64,374,137,405,201
pothole,pothole (233).jpg,357,297,34,44,323,297,357,341
pothole,pothole (233).jpg,367,136,26,59,341,136,367,195
pothole,pothole (269).jpg,385,238,57,101,328,238,385,339
pothole,pothole (266).jpg,336,188,30,85,306,188,336,273
pothole,pothole (304).jpg,403,56,70,171,333,56,403,227
pothole,pothole (347).jpg,339,301,41,90,298,301,339,391
pothole,pothole (386).jpg,310,370,30,56,280,370,310,426
pothole,pothole (386).jpg,275,278,30,51,245,278,275,329
pothole,pothole (386).jpg,255,243,21,25,234,243,255,268
pothole,pothole (386).jpg,364,465,37,47,327,465,364,512
pothole,pothole (386).jpg,263,342,21,26,242,342,263,368
pothole,pothole (423).jpg,477,242,35,126,442,242,477,368
pothole,pothole (423).jpg,365,173,18,27,347,173,365,200
pothole,pothole (455).jpg,302,0,51,66,251,0,302,66
pothole,pothole (455).jpg,283,150,40,49,243,150,283,199
pothole,pothole (455).jpg,240,105,41,80,199,105,240,185
pothole,pothole (455).jpg,407,384,53,62,354,384,407,446
pothole,pothole (455).jpg,264,459,76,53,188,459,264,512
pothole,pothole (487).jpg,247,266,42,55,205,266,247,321
pothole,pothole (487).jpg,206,76,28,30,178,76,206,106
pothole,pothole (487).jpg,201,0,52,28,149,0,201,28
pothole,pothole (530).jpg,401,287,15,34,386,287,401,321
pothole,pothole (530).jpg,410,338,13,31,397,338,410,369
pothole,pothole (530).jpg,424,290,24,74,400,290,424,364
pothole,pothole (578).jpg,396,30,37,62,359,30,396,92
pothole,pothole (578).jpg,389,105,40,90,349,105,389,195
pothole,pothole (578).jpg,356,250,40,188,316,250,356,438
pothole,pothole (578).jpg,328,123,38,82,290,123,328,205
pothole,pothole (578).jpg,281,2,41,106,240,2,281,108
pothole,pothole (578).jpg,260,208,38,69,222,208,260,277
pothole,pothole (578).jpg,325,248,16,61,309,248,325,309
pothole,pothole (578).jpg,259,64,14,57,245,64,259,121
pothole,pothole (578).jpg,249,162,13,27,236,162,249,189
pothole,pothole (578).jpg,316,327,20,49,296,327,316,376
pothole,pothole (619).jpg,305,379,28,47,277,379,305,426
pothole,pothole (619).jpg,340,84,24,51,316,84,340,135
pothole,pothole (657).jpg,385,288,31,60,354,288,385,348
pothole,pothole (657).jpg,358,270,17,29,341,270,358,299
pothole,pothole (26).jpg,337,325,24,47,313,325,337,372
pothole,pothole (26).jpg,291,210,19,38,272,210,291,248
pothole,pothole (26).jpg,276,131,20,36,256,131,276,167
pothole,pothole (66).jpg,279,178,44,160,235,178,279,338
pothole,pothole (102).jpg,399,275,31,44,368,275,399,319
pothole,pothole (102).jpg,407,419,40,49,367,419,407,468
pothole,pothole (134).jpg,57,287,36,134,21,287,57,421
pothole,pothole (168).jpg,198,70,40,98,158,70,198,168
pothole,pothole (168).jpg,190,280,42,56,148,280,190,336
pothole,pothole (168).jpg,151,260,21,36,130,260,151,296
pothole,pothole (200).jpg,310,239,28,50,282,239,310,289
pothole,pothole (200).jpg,242,53,19,26,223,53,242,79
pothole,pothole (200).jpg,213,109,19,35,194,109,213,144
pothole,pothole (200).jpg,196,119,15,37,181,119,196,156
pothole,pothole (200).jpg,282,269,21,34,261,269,282,303
pothole,pothole (200).jpg,307,292,16,40,291,292,307,332
pothole,pothole (301).jpg,276,437,82,75,194,437,276,512
pothole,pothole (203).jpg,318,161,44,83,274,161,318,244
pothole,pothole (203).jpg,293,346,22,62,271,346,293,408
pothole,pothole (203).jpg,321,466,28,46,293,466,321,512
pothole,pothole (203).jpg,290,44,30,45,260,44,290,89
pothole,pothole (203).jpg,242,234,27,29,215,234,242,263
pothole,pothole (342).jpg,310,69,44,145,266,69,310,214
pothole,pothole (342).jpg,295,304,33,80,262,304,295,384
pothole,pothole (342).jpg,236,150,46,86,190,150,236,236
pothole,pothole (342).jpg,286,197,23,56,263,197,286,253
pothole,pothole (236).jpg,354,11,26,47,328,11,354,58
pothole,pothole (236).jpg,312,51,25,51,287,51,312,102
pothole,pothole (236).jpg,347,267,21,47,326,267,347,314
pothole,pothole (236).jpg,321,178,19,44,302,178,321,222
pothole,pothole (236).jpg,324,232,20,37,304,232,324,269
pothole,pothole (236).jpg,398,243,35,54,363,243,398,297
pothole,pothole (236).jpg,306,255,18,36,288,255,306,291
pothole,pothole (236).jpg,321,295,11,19,310,295,321,314
pothole,pothole (272).jpg,326,220,26,59,300,220,326,279
pothole,pothole (272).jpg,291,343,28,52,263,343,291,395
pothole,pothole (307).jpg,339,214,40,78,299,214,339,292
pothole,pothole (307).jpg,270,183,19,47,251,183,270,230
pothole,pothole (383).jpg,301,0,50,127,251,0,301,127
pothole,pothole (383).jpg,242,4,47,137,195,4,242,141
pothole,pothole (383).jpg,237,148,38,80,199,148,237,228
pothole,pothole (350).jpg,343,378,34,97,309,378,343,475
pothole,pothole (350).jpg,281,289,33,77,248,289,281,366
pothole,pothole (350).jpg,315,274,36,53,279,274,315,327
pothole,pothole (389).jpg,312,82,39,195,273,82,312,277
pothole,pothole (389).jpg,320,398,37,33,283,398,320,431
pothole,pothole (389).jpg,272,32,35,161,237,32,272,193
pothole,pothole (426).jpg,306,298,33,114,273,298,306,412
pothole,pothole (426).jpg,309,457,34,53,275,457,309,510
pothole,pothole (419).jpg,328,458,41,54,287,458,328,512
pothole,pothole (419).jpg,342,176,53,70,289,176,342,246
pothole,pothole (419).jpg,265,227,22,96,243,227,265,323
pothole,pothole (419).jpg,287,237,19,76,268,237,287,313
pothole,pothole (419).jpg,250,237,16,58,234,237,250,295
pothole,pothole (458).jpg,275,361,32,55,243,361,275,416
pothole,pothole (458).jpg,205,236,27,37,178,236,205,273
pothole,pothole (490).jpg,406,217,52,61,354,217,406,278
pothole,pothole (490).jpg,415,111,25,41,390,111,415,152
pothole,pothole (490).jpg,442,323,39,46,403,323,442,369
pothole,pothole (533).jpg,432,271,24,65,408,271,432,336
pothole,pothole (533).jpg,393,345,20,26,373,345,393,371
pothole,pothole (452).jpg,331,70,67,87,264,70,331,157
pothole,pothole (452).jpg,194,147,38,85,156,147,194,232
pothole,pothole (452).jpg,287,316,30,62,257,316,287,378
pothole,pothole (452).jpg,248,367,33,69,215,367,248,436
pothole,pothole (452).jpg,231,119,28,58,203,119,231,177
pothole,pothole (452).jpg,270,88,42,93,228,88,270,181
pothole,pothole (484).jpg,347,61,43,62,304,61,347,123
pothole,pothole (484).jpg,242,152,24,46,218,152,242,198
pothole,pothole (484).jpg,201,172,19,42,182,172,201,214
pothole,pothole (581).jpg,412,11,46,220,366,11,412,231
pothole,pothole (581).jpg,324,149,53,153,271,149,324,302
pothole,pothole (581).jpg,314,402,28,93,286,402,314,495
pothole,pothole (581).jpg,299,250,14,64,285,250,299,314
pothole,pothole (581).jpg,286,363,15,34,271,363,286,397
pothole,pothole (581).jpg,397,455,24,57,373,455,397,512
pothole,pothole (581).jpg,388,207,24,126,364,207,388,333
pothole,pothole (622).jpg,240,280,44,91,196,280,240,371
pothole,pothole (622).jpg,233,463,26,46,207,463,233,509
pothole,pothole (622).jpg,312,211,28,56,284,211,312,267
pothole,pothole (660).jpg,441,211,46,47,395,211,441,258
pothole,pothole (30).jpg,417,141,25,53,392,141,417,194
pothole,pothole (72).jpg,315,199,40,63,275,199,315,262
pothole,pothole (72).jpg,352,350,18,59,334,350,352,409
pothole,pothole (105).jpg,255,201,31,50,224,201,255,251
pothole,pothole (105).jpg,232,348,27,40,205,348,232,388
pothole,pothole (105).jpg,205,298,53,49,152,298,205,347
pothole,pothole (138).jpg,417,41,31,67,386,41,417,108
pothole,pothole (429).jpg,237,307,61,143,176,307,237,450
pothole,pothole (429).jpg,325,2,66,63,259,2,325,65
pothole,pothole (429).jpg,175,276,42,77,133,276,175,353
pothole,pothole (461).jpg,323,361,62,73,261,361,323,434
pothole,pothole (461).jpg,249,478,33,34,216,478,249,512
pothole,pothole (461).jpg,288,221,44,43,244,221,288,264
pothole,pothole (461).jpg,309,279,39,74,270,279,309,353
pothole,pothole (493).jpg,371,132,18,61,353,132,371,193
pothole,pothole (493).jpg,364,276,24,140,340,276,364,416
pothole,pothole (574).jpg,255,48,35,102,220,48,255,150
pothole,pothole (574).jpg,242,202,26,62,216,202,242,264
pothole,pothole (574).jpg,313,184,25,57,288,184,313,241
pothole,pothole (574).jpg,323,305,35,151,288,305,323,456
pothole,pothole (574).jpg,234,158,12,28,222,158,234,186
pothole,pothole (574).jpg,349,479,35,31,314,479,349,510
pothole,pothole (574).jpg,287,242,21,169,266,242,287,411
pothole,pothole (574).jpg,405,479,28,33,377,479,405,512
pothole,pothole (574).jpg,261,279,16,86,245,279,261,365
pothole,pothole (574).jpg,295,31,16,194,279,31,295,225
pothole,pothole (574).jpg,242,67,11,66,231,67,242,133
pothole,pothole (536).jpg,255,397,36,62,219,397,255,459
pothole,pothole (536).jpg,205,316,31,43,174,316,205,359
pothole,pothole (616).jpg,315,47,35,113,280,47,315,160
pothole,pothole (616).jpg,245,42,19,41,226,42,245,83
pothole,pothole (616).jpg,291,159,19,59,272,159,291,218
pothole,pothole (616).jpg,262,22,19,36,243,22,262,58
pothole,pothole (171).jpg,251,313,58,124,193,313,251,437
pothole,pothole (171).jpg,199,147,35,98,164,147,199,245
pothole,pothole (171).jpg,156,286,33,50,123,286,156,336
pothole,pothole (171).jpg,145,174,29,50,116,174,145,224
pothole,pothole (171).jpg,198,310,18,46,180,310,198,356
pothole,pothole (206).jpg,282,304,25,72,257,304,282,376
pothole,pothole (206).jpg,343,460,25,52,318,460,343,512
pothole,pothole (239).jpg,281,362,48,81,233,362,281,443
pothole,pothole (239).jpg,335,457,35,54,300,457,335,511
pothole,pothole (239).jpg,190,118,15,39,175,118,190,157
pothole,pothole (239).jpg,217,169,13,39,204,169,217,208
pothole,pothole (239).jpg,255,250,27,67,228,250,255,317
pothole,pothole (239).jpg,229,199,11,34,218,199,229,233
pothole,pothole (276).jpg,345,167,42,57,303,167,345,224
pothole,pothole (310).jpg,283,220,36,53,247,220,283,273
pothole,pothole (353).jpg,371,38,35,138,336,38,371,176
pothole,pothole (353).jpg,319,139,40,77,279,139,319,216
pothole,pothole (392).jpg,275,0,61,92,214,0,275,92
pothole,pothole (392).jpg,339,0,41,109,298,0,339,109
pothole,pothole (392).jpg,277,179,29,47,248,179,277,226
pothole,pothole (584).jpg,456,209,42,171,414,209,456,380
pothole,pothole (584).jpg,387,312,22,91,365,312,387,403
pothole,pothole (625).jpg,261,38,32,44,229,38,261,82
pothole,pothole (625).jpg,248,124,26,60,222,124,248,184
pothole,pothole (625).jpg,251,204,18,100,233,204,251,304
pothole,pothole (625).jpg,239,303,18,35,221,303,239,338
pothole,pothole (33).jpg,333,89,47,131,286,89,333,220
pothole,pothole (75).jpg,292,142,27,64,265,142,292,206
pothole,pothole (464).jpg,280,54,50,58,230,54,280,112
pothole,pothole (498).jpg,325,14,50,74,275,14,325,88
pothole,pothole (498).jpg,395,84,31,59,364,84,395,143
pothole,pothole (498).jpg,307,454,43,58,264,454,307,512
pothole,pothole (539).jpg,362,397,36,70,326,397,362,467
pothole,pothole (539).jpg,302,222,57,80,245,222,302,302
pothole,pothole (587).jpg,349,432,54,80,295,432,349,512
pothole,pothole (587).jpg,339,164,54,175,285,164,339,339
pothole,pothole (587).jpg,280,92,37,68,243,92,280,160
pothole,pothole (628).jpg,248,222,62,209,186,222,248,431
pothole,pothole (628).jpg,223,324,23,31,200,324,223,355
pothole,pothole (1).jpg,234,131,24,93,210,131,234,224
pothole,pothole (38).jpg,336,85,45,109,291,85,336,194
pothole,pothole (78).jpg,246,344,68,79,178,344,246,423
pothole,pothole (111).jpg,250,89,46,82,204,89,250,171
pothole,pothole (111).jpg,266,249,64,71,202,249,266,320
pothole,pothole (111).jpg,190,244,32,69,158,244,190,313
pothole,pothole (111).jpg,186,72,24,80,162,72,186,152
pothole,pothole (144).jpg,417,282,32,78,385,282,417,360
pothole,pothole (144).jpg,433,490,28,22,405,490,433,512
pothole,pothole (177).jpg,155,400,40,64,115,400,155,464
pothole,pothole (177).jpg,278,256,33,41,245,256,278,297
pothole,pothole (212).jpg,347,437,37,75,310,437,347,512
pothole,pothole (212).jpg,266,152,37,50,229,152,266,202
pothole,pothole (245).jpg,371,292,41,120,330,292,371,412
pothole,pothole (283).jpg,242,201,39,53,203,201,242,254
pothole,pothole (283).jpg,330,191,34,100,296,191,330,291
pothole,pothole (320).jpg,259,199,30,70,229,199,259,269
pothole,pothole (320).jpg,262,149,34,37,228,149,262,186
pothole,pothole (363).jpg,326,324,46,66,280,324,326,390
pothole,pothole (398).jpg,291,360,72,129,219,360,291,489
pothole,pothole (435).jpg,226,309,46,108,180,309,226,417
pothole,pothole (435).jpg,324,28,37,59,287,28,324,87
pothole,pothole (467).jpg,276,449,45,59,231,449,276,508
pothole,pothole (467).jpg,214,383,44,76,170,383,214,459
pothole,pothole (501).jpg,304,205,54,126,250,205,304,331
pothole,pothole (501).jpg,315,10,26,71,289,10,315,81
pothole,pothole (544).jpg,358,37,60,115,298,37,358,152
pothole,pothole (590).jpg,327,0,77,54,250,0,327,54
pothole,pothole (590).jpg,237,19,34,84,203,19,237,103
pothole,pothole (590).jpg,246,204,31,73,215,204,246,277
pothole,pothole (632).jpg,255,112,42,87,213,112,255,199
pothole,pothole (632).jpg,214,176,24,60,190,176,214,236
pothole,pothole (5).jpg,255,120,35,112,220,120,255,232
pothole,pothole (5).jpg,261,409,36,72,225,409,261,481
pothole,pothole (43).jpg,449,369,46,62,403,369,449,431
pothole,pothole (81).jpg,332,171,47,140,285,171,332,311
pothole,pothole (81).jpg,279,9,62,54,217,9,279,63
pothole,pothole (81).jpg,232,258,53,77,179,258,232,335
pothole,pothole (81).jpg,252,50,16,32,236,50,252,82
pothole,pothole (81).jpg,256,169,11,39,245,169,256,208
pothole,pothole (114).jpg,240,16,32,77,208,16,240,93
pothole,pothole (114).jpg,327,101,47,58,280,101,327,159
pothole,pothole (148).jpg,282,233,43,95,239,233,282,328
pothole,pothole (148).jpg,251,67,54,61,197,67,251,128
pothole,pothole (148).jpg,188,110,10,45,178,110,188,155
pothole,pothole (180).jpg,161,398,46,59,115,398,161,457
pothole,pothole (180).jpg,115,239,14,21,101,239,115,260
pothole,pothole (180).jpg,127,272,20,33,107,272,127,305
pothole,pothole (180).jpg,280,257,15,36,265,257,280,293
pothole,pothole (215).jpg,266,82,35,85,231,82,266,167
pothole,pothole (215).jpg,291,18,55,63,236,18,291,81
pothole,pothole (248).jpg,412,336,44,62,368,336,412,398
pothole,pothole (248).jpg,325,188,31,36,294,188,325,224
pothole,pothole (248).jpg,320,239,27,26,293,239,320,265
pothole,pothole (286).jpg,379,416,46,75,333,416,379,491
pothole,pothole (323).jpg,282,214,84,124,198,214,282,338
pothole,pothole (366).jpg,265,408,46,102,219,408,265,510
pothole,pothole (366).jpg,319,325,55,171,264,325,319,496
pothole,pothole (401).jpg,296,319,62,185,234,319,296,504
pothole,pothole (438).jpg,252,58,39,117,213,58,252,175
pothole,pothole (438).jpg,290,329,61,88,229,329,290,417
pothole,pothole (438).jpg,233,307,31,94,202,307,233,401
pothole,pothole (438).jpg,327,250,40,59,287,250,327,309
pothole,pothole (470).jpg,293,238,35,74,258,238,293,312
pothole,pothole (470).jpg,284,362,47,52,237,362,284,414
pothole,pothole (509).jpg,302,272,40,74,262,272,302,346
pothole,pothole (509).jpg,271,199,22,56,249,199,271,255
pothole,pothole (547).jpg,393,203,36,67,357,203,393,270
pothole,pothole (547).jpg,374,223,18,117,356,223,374,340
pothole,pothole (547).jpg,402,296,34,131,368,296,402,427
pothole,pothole (547).jpg,354,158,19,83,335,158,354,241
pothole,pothole (593).jpg,318,103,37,103,281,103,318,206
pothole,pothole (593).jpg,321,385,34,90,287,385,321,475
pothole,pothole (636).jpg,354,286,39,101,315,286,354,387
pothole,pothole (636).jpg,308,133,23,124,285,133,308,257
pothole,pothole (636).jpg,296,319,22,78,274,319,296,397
pothole,pothole (636).jpg,324,399,16,63,308,399,324,462
pothole,pothole (636).jpg,344,427,26,84,318,427,344,511
pothole,pothole (8).jpg,332,40,31,69,301,40,332,109
pothole,pothole (8).jpg,309,95,18,49,291,95,309,144
pothole,pothole (48).jpg,338,276,49,102,289,276,338,378
pothole,pothole (48).jpg,250,192,17,38,233,192,250,230
pothole,pothole (84).jpg,230,109,49,71,181,109,230,180
pothole,pothole (84).jpg,190,148,16,29,174,148,190,177
pothole,pothole (84).jpg,312,347,24,30,288,347,312,377
pothole,pothole (117).jpg,200,142,33,46,167,142,200,188
pothole,pothole (117).jpg,217,209,28,46,189,209,217,255
pothole,pothole (117).jpg,169,211,14,43,155,211,169,254
pothole,pothole (151).jpg,240,9,48,51,192,9,240,60
pothole,pothole (151).jpg,258,235,45,109,213,235,258,344
pothole,pothole (151).jpg,265,357,30,58,235,357,265,415
pothole,pothole (151).jpg,205,257,28,72,177,257,205,329
pothole,pothole (151).jpg,193,221,23,29,170,221,193,250
pothole,pothole (183).jpg,159,167,32,59,127,167,159,226
pothole,pothole (219).jpg,282,444,26,68,256,444,282,512
pothole,pothole (219).jpg,247,231,38,75,209,231,247,306
pothole,pothole (219).jpg,279,17,24,82,255,17,279,99
pothole,pothole (219).jpg,224,235,16,25,208,235,224,260
pothole,pothole (219).jpg,231,204,11,30,220,204,231,234
pothole,pothole (219).jpg,233,85,16,30,217,85,233,115
pothole,pothole (219).jpg,250,70,11,42,239,70,250,112
pothole,pothole (219).jpg,205,121,6,17,199,121,205,138
pothole,pothole (251).jpg,327,214,34,87,293,214,327,301
pothole,pothole (251).jpg,222,388,15,15,207,388,222,403
pothole,pothole (251).jpg,216,364,16,22,200,364,216,386
pothole,pothole (289).jpg,318,218,40,68,278,218,318,286
pothole,pothole (326).jpg,359,55,46,86,313,55,359,141
pothole,pothole (372).jpg,287,255,52,100,235,255,287,355
pothole,pothole (372).jpg,269,470,40,42,229,470,269,512
pothole,pothole (404).jpg,337,135,49,92,288,135,337,227
pothole,pothole (404).jpg,307,388,56,104,251,388,307,492
pothole,pothole (404).jpg,268,35,24,59,244,35,268,94
pothole,pothole (404).jpg,264,100,21,81,243,100,264,181
pothole,pothole (441).jpg,315,111,74,88,241,111,315,199
pothole,pothole (441).jpg,225,100,40,68,185,100,225,168
pothole,pothole (441).jpg,233,370,10,24,223,370,233,394
pothole,pothole (473).jpg,349,19,42,77,307,19,349,96
pothole,pothole (473).jpg,289,244,45,34,244,244,289,278
pothole,pothole (473).jpg,256,255,24,53,232,255,256,308
pothole,pothole (473).jpg,242,367,44,64,198,367,242,431
pothole,pothole (513).jpg,316,165,25,78,291,165,316,243
pothole,pothole (513).jpg,320,332,32,67,288,332,320,399
pothole,pothole (550).jpg,416,140,56,146,360,140,416,286
pothole,pothole (550).jpg,324,132,23,82,301,132,324,214
pothole,pothole (550).jpg,366,442,25,65,341,442,366,507
pothole,pothole (597).jpg,332,0,49,94,283,0,332,94
pothole,pothole (597).jpg,346,103,25,100,321,103,346,203
pothole,pothole (640).jpg,309,208,32,66,277,208,309,274
pothole,pothole (51).jpg,325,412,36,80,289,412,325,492
pothole,pothole (87).jpg,328,401,29,50,299,401,328,451
pothole,pothole (87).jpg,183,215,18,37,165,215,183,252
pothole,pothole (87).jpg,226,209,17,36,209,209,226,245
pothole,pothole (120).jpg,254,200,30,33,224,200,254,233
pothole,pothole (120).jpg,226,193,26,50,200,193,226,243
pothole,pothole (154).jpg,212,76,49,60,163,76,212,136
pothole,pothole (186).jpg,303,31,51,140,252,31,303,171
pothole,pothole (186).jpg,190,138,9,20,181,138,190,158
pothole,pothole (222).jpg,331,425,42,87,289,425,331,512
pothole,pothole (222).jpg,252,323,38,84,214,323,252,407
pothole,pothole (222).jpg,279,132,26,62,253,132,279,194
pothole,pothole (222).jpg,313,120,28,88,285,120,313,208
pothole,pothole (222).jpg,341,121,34,96,307,121,341,217
pothole,pothole (255).jpg,332,144,27,74,305,144,332,218
pothole,pothole (292).jpg,310,43,28,89,282,43,310,132
pothole,pothole (331).jpg,268,298,17,54,251,298,268,352
pothole,pothole (331).jpg,293,170,26,57,267,170,293,227
pothole,pothole (331).jpg,286,395,17,44,269,395,286,439
pothole,pothole (375).jpg,292,97,50,136,242,97,292,233
pothole,pothole (409).jpg,304,348,37,45,267,348,304,393
pothole,pothole (409).jpg,261,327,30,49,231,327,261,376
pothole,pothole (444).jpg,282,3,86,50,196,3,282,53
pothole,pothole (444).jpg,346,107,48,105,298,107,346,212
pothole,pothole (444).jpg,286,286,31,79,255,286,286,365
pothole,pothole (476).jpg,392,13,34,76,358,13,392,89
pothole,pothole (476).jpg,346,0,37,92,309,0,346,92
pothole,pothole (476).jpg,263,268,25,52,238,268,263,320
pothole,pothole (517).jpg,362,142,40,64,322,142,362,206
pothole,pothole (556).jpg,417,185,40,103,377,185,417,288
pothole,pothole (556).jpg,397,292,29,44,368,292,397,336
pothole,pothole (603).jpg,333,0,65,97,268,0,333,97
pothole,pothole (603).jpg,261,207,14,46,247,207,261,253
pothole,pothole (603).jpg,271,151,18,34,253,151,271,185
pothole,pothole (644).jpg,250,366,26,48,224,366,250,414
pothole,pothole (644).jpg,221,307,12,60,209,307,221,367
pothole,pothole (14).jpg,284,194,28,62,256,194,284,256
pothole,pothole (14).jpg,258,181,19,58,239,181,258,239
pothole,pothole (54).jpg,213,276,22,55,191,276,213,331
pothole,pothole (54).jpg,213,355,18,35,195,355,213,390
pothole,pothole (90).jpg,237,0,44,84,193,0,237,84
pothole,pothole (90).jpg,305,375,29,73,276,375,305,448
pothole,pothole (90).jpg,187,236,14,30,173,236,187,266
pothole,pothole (123).jpg,279,76,24,60,255,76,279,136
pothole,pothole (123).jpg,197,156,21,66,176,156,197,222
pothole,pothole (123).jpg,200,328,8,21,192,328,200,349
pothole,pothole (157).jpg,406,168,19,20,387,168,406,188
pothole,pothole (157).jpg,388,210,21,64,367,210,388,274
pothole,pothole (157).jpg,327,445,14,39,313,445,327,484
pothole,pothole (189).jpg,315,54,42,77,273,54,315,131
pothole,pothole (189).jpg,227,375,32,70,195,375,227,445
pothole,pothole (189).jpg,194,398,26,51,168,398,194,449
pothole,pothole (189).jpg,182,305,16,42,166,305,182,347
pothole,pothole (189).jpg,225,17,22,74,203,17,225,91
pothole,pothole (225).jpg,296,370,43,102,253,370,296,472
pothole,pothole (225).jpg,278,117,41,53,237,117,278,170
pothole,pothole (225).jpg,244,66,10,47,234,66,244,113
pothole,pothole (258).jpg,326,189,30,109,296,189,326,298
pothole,pothole (295).jpg,319,303,57,88,262,303,319,391
pothole,pothole (295).jpg,256,105,13,31,243,105,256,136
pothole,pothole (335).jpg,262,422,51,90,211,422,262,512
pothole,pothole (378).jpg,401,365,44,80,357,365,401,445
pothole,pothole (378).jpg,348,93,11,58,337,93,348,151
pothole,pothole (378).jpg,315,121,16,69,299,121,315,190
pothole,pothole (414).jpg,315,142,60,172,255,142,315,314
pothole,pothole (447).jpg,240,487,33,25,207,487,240,512
pothole,pothole (447).jpg,181,186,21,40,160,186,181,226
pothole,pothole (447).jpg,133,176,17,28,116,176,133,204
pothole,pothole (447).jpg,197,238,21,34,176,238,197,272
pothole,pothole (479).jpg,241,260,33,45,208,260,241,305
pothole,pothole (479).jpg,220,190,17,30,203,190,220,220
pothole,pothole (479).jpg,251,375,13,23,238,375,251,398
pothole,pothole (520).jpg,257,398,15,66,242,398,257,464
pothole,pothole (108).jpg,240,47,30,63,210,47,240,110
pothole,pothole (108).jpg,334,39,52,87,282,39,334,126
pothole,pothole (108).jpg,241,338,43,65,198,338,241,403
pothole,pothole (563).jpg,303,37,47,219,256,37,303,256
pothole,pothole (563).jpg,299,322,41,137,258,322,299,459
pothole,pothole (563).jpg,342,272,64,240,278,272,342,512
pothole,pothole (563).jpg,272,153,14,32,258,153,272,185
pothole,pothole (563).jpg,285,239,14,67,271,239,285,306
pothole,pothole (563).jpg,273,199,10,81,263,199,273,280
pothole,pothole (609).jpg,267,85,27,47,240,85,267,132
pothole,pothole (609).jpg,311,321,37,84,274,321,311,405
pothole,pothole (609).jpg,299,155,18,74,281,155,299,229
pothole,pothole (609).jpg,255,155,18,86,237,155,255,241
pothole,pothole (141).jpg,380,2,33,91,347,2,380,93
pothole,pothole (648).jpg,408,273,46,161,362,273,408,434
pothole,pothole (174).jpg,161,229,24,40,137,229,161,269
pothole,pothole (174).jpg,191,134,28,66,163,134,191,200
pothole,pothole (17).jpg,293,400,20,68,273,400,293,468
pothole,pothole (17).jpg,235,192,13,52,222,192,235,244
pothole,pothole (57).jpg,324,267,38,104,286,267,324,371
pothole,pothole (209).jpg,228,177,21,55,207,177,228,232
pothole,pothole (209).jpg,326,456,33,56,293,456,326,512
pothole,pothole (209).jpg,293,243,24,29,269,243,293,272
pothole,pothole (209).jpg,284,366,26,44,258,366,284,410
pothole,pothole (93).jpg,419,284,20,77,399,284,419,361
pothole,pothole (93).jpg,360,463,20,48,340,463,360,511
pothole,pothole (126).jpg,311,190,13,40,298,190,311,230
pothole,pothole (126).jpg,278,367,14,35,264,367,278,402
pothole,pothole (160).jpg,393,331,31,99,362,331,393,430
pothole,pothole (242).jpg,319,238,47,109,272,238,319,347
pothole,pothole (242).jpg,245,196,24,32,221,196,245,228
pothole,pothole (242).jpg,256,237,27,29,229,237,256,266
pothole,pothole (279).jpg,344,151,52,81,292,151,344,232
pothole,pothole (192).jpg,348,58,56,49,292,58,348,107
pothole,pothole (192).jpg,349,125,47,39,302,125,349,164
pothole,pothole (192).jpg,221,399,39,55,182,399,221,454
pothole,pothole (192).jpg,213,320,32,61,181,320,213,381
pothole,pothole (192).jpg,192,313,18,62,174,313,192,375
pothole,pothole (228).jpg,268,50,28,72,240,50,268,122
pothole,pothole (228).jpg,281,273,23,52,258,273,281,325
pothole,pothole (228).jpg,217,331,10,18,207,331,217,349
pothole,pothole (314).jpg,469,184,36,83,433,184,469,267
pothole,pothole (356).jpg,278,331,49,90,229,331,278,421
pothole,pothole (395).jpg,315,358,46,64,269,358,315,422
pothole,pothole (395).jpg,241,138,35,64,206,138,241,202
pothole,pothole (395).jpg,281,6,32,190,249,6,281,196
pothole,pothole (395).jpg,225,11,43,94,182,11,225,105
pothole,pothole (432).jpg,275,84,35,61,240,84,275,145
pothole,pothole (432).jpg,234,165,35,54,199,165,234,219
pothole,pothole (432).jpg,208,330,17,36,191,330,208,366
pothole,pothole (264).jpg,404,469,26,43,378,469,404,512
pothole,pothole (264).jpg,329,195,20,39,309,195,329,234
pothole,pothole (264).jpg,333,243,19,29,314,243,333,272
pothole,pothole (264).jpg,306,221,18,39,288,221,306,260
pothole,pothole (299).jpg,255,248,21,127,234,248,255,375
pothole,pothole (299).jpg,299,54,41,104,258,54,299,158
pothole,pothole (339).jpg,277,471,25,41,252,471,277,512
pothole,pothole (339).jpg,228,178,28,19,200,178,228,197
pothole,pothole (381).jpg,290,385,37,61,253,385,290,446
pothole,pothole (381).jpg,198,129,23,42,175,129,198,171
pothole,pothole (417).jpg,286,308,31,69,255,308,286,377
pothole,pothole (450).jpg,300,175,59,91,241,175,300,266
pothole,pothole (450).jpg,315,38,37,60,278,38,315,98
pothole,pothole (450).jpg,275,102,26,57,249,102,275,159
pothole,pothole (450).jpg,244,96,23,35,221,96,244,131
pothole,pothole (450).jpg,221,273,20,26,201,273,221,299
pothole,pothole (450).jpg,208,106,17,25,191,106,208,131
pothole,pothole (450).jpg,191,129,14,34,177,129,191,163
pothole,pothole (450).jpg,193,307,16,30,177,307,193,337
pothole,pothole (482).jpg,368,62,30,61,338,62,368,123
pothole,pothole (524).jpg,389,333,21,56,368,333,389,389
pothole,pothole (572).jpg,294,1,64,286,230,1,294,287
pothole,pothole (572).jpg,332,305,54,152,278,305,332,457
pothole,pothole (572).jpg,281,373,20,85,261,373,281,458
pothole,pothole (572).jpg,311,398,109,112,202,398,311,510
pothole,pothole (572).jpg,193,27,19,96,174,27,193,123
pothole,pothole (572).jpg,356,114,39,191,317,114,356,305
pothole,pothole (572).jpg,240,153,15,58,225,153,240,211
pothole,pothole (572).jpg,192,166,12,44,180,166,192,210
pothole,pothole (572).jpg,222,213,20,178,202,213,222,391
pothole,pothole (572).jpg,237,427,19,66,218,427,237,493
pothole,pothole (572).jpg,255,268,26,97,229,268,255,365
pothole,pothole (614).jpg,262,83,30,63,232,83,262,146
pothole,pothole (614).jpg,299,307,57,174,242,307,299,481
pothole,pothole (614).jpg,305,36,33,114,272,36,305,150
pothole,pothole (614).jpg,294,152,24,43,270,152,294,195
pothole,pothole (614).jpg,219,203,23,37,196,203,219,240
pothole,pothole (614).jpg,236,50,19,23,217,50,236,73
pothole,pothole (652).jpg,283,130,33,68,250,130,283,198
pothole,pothole (20).jpg,390,103,15,23,375,103,390,126
pothole,pothole (20).jpg,437,319,16,60,421,319,437,379
pothole,pothole (231).jpg,417,353,44,110,373,353,417,463
pothole,pothole (231).jpg,340,31,26,44,314,31,340,75
pothole,pothole (231).jpg,318,62,18,35,300,62,318,97
pothole,pothole (267).jpg,368,428,50,68,318,428,368,496
pothole,pothole (302).jpg,277,255,47,64,230,255,277,319
pothole,pothole (343).jpg,313,262,36,77,277,262,313,339
pothole,pothole (343).jpg,335,136,41,113,294,136,335,249
pothole,pothole (343).jpg,291,154,34,106,257,154,291,260
pothole,pothole (60).jpg,311,37,24,56,287,37,311,93
pothole,pothole (60).jpg,278,18,21,76,257,18,278,94
pothole,pothole (60).jpg,316,161,12,39,304,161,316,200
pothole,pothole (384).jpg,333,6,32,91,301,6,333,97
pothole,pothole (384).jpg,282,2,53,171,229,2,282,173
pothole,pothole (384).jpg,269,338,13,26,256,338,269,364
pothole,pothole (96).jpg,298,290,31,40,267,290,298,330
pothole,pothole (129).jpg,414,202,49,124,365,202,414,326
pothole,pothole (420).jpg,391,101,33,98,358,101,391,199
pothole,pothole (420).jpg,311,115,35,108,276,115,311,223
pothole,pothole (420).jpg,277,131,18,62,259,131,277,193
pothole,pothole (163).jpg,181,217,13,67,168,217,181,284
pothole,pothole (163).jpg,193,335,23,58,170,335,193,393
pothole,pothole (163).jpg,199,406,28,46,171,406,199,452
pothole,pothole (163).jpg,278,475,24,37,254,475,278,512
pothole,pothole (195).jpg,270,203,72,143,198,203,270,346
pothole,pothole (195).jpg,158,246,22,57,136,246,158,303
pothole,pothole (195).jpg,198,275,36,93,162,275,198,368
pothole,pothole (195).jpg,264,392,88,103,176,392,264,495
pothole,pothole (453).jpg,255,28,41,56,214,28,255,84
pothole,pothole (453).jpg,200,97,22,48,178,97,200,145
pothole,pothole (453).jpg,182,159,38,43,144,159,182,202
pothole,pothole (453).jpg,185,217,37,27,148,217,185,244
pothole,pothole (453).jpg,171,45,23,46,148,45,171,91
pothole,pothole (485).jpg,283,107,24,41,259,107,283,148
pothole,pothole (528).jpg,399,318,38,42,361,318,399,360
pothole,pothole (576).jpg,340,152,21,68,319,152,340,220
pothole,pothole (576).jpg,346,95,18,52,328,95,346,147
pothole,pothole (576).jpg,317,255,30,182,287,255,317,437
pothole,pothole (576).jpg,256,214,16,63,240,214,256,277
pothole,pothole (576).jpg,227,160,17,38,210,160,227,198
pothole,pothole (198).jpg,316,347,30,58,286,347,316,405
pothole,pothole (198).jpg,197,176,16,20,181,176,197,196
pothole,pothole (234).jpg,432,91,28,64,404,91,432,155
pothole,pothole (234).jpg,390,299,21,26,369,299,390,325
pothole,pothole (234).jpg,292,84,8,18,284,84,292,102
pothole,pothole (234).jpg,284,12,11,26,273,12,284,38
pothole,pothole (234).jpg,400,147,22,35,378,147,400,182
pothole,pothole (270).jpg,440,321,27,48,413,321,440,369
pothole,pothole (270).jpg,413,152,16,27,397,152,413,179
pothole,pothole (305).jpg,339,72,23,100,316,72,339,172
pothole,pothole (305).jpg,298,96,31,65,267,96,298,161
pothole,pothole (305).jpg,233,147,18,62,215,147,233,209
pothole,pothole (305).jpg,251,83,28,69,223,83,251,152
pothole,pothole (305).jpg,261,167,15,54,246,167,261,221
pothole,pothole (348).jpg,273,217,28,40,245,217,273,257
pothole,pothole (387).jpg,324,429,39,32,285,429,324,461
pothole,pothole (617).jpg,280,6,23,38,257,6,280,44
pothole,pothole (617).jpg,257,38,19,59,238,38,257,97
pothole,pothole (617).jpg,224,296,18,51,206,296,224,347
pothole,pothole (655).jpg,399,237,20,66,379,237,399,303
pothole,pothole (23).jpg,302,157,24,47,278,157,302,204
pothole,pothole (23).jpg,264,159,25,26,239,159,264,185
pothole,pothole (23).jpg,298,33,17,25,281,33,298,58
pothole,pothole (424).jpg,291,275,46,91,245,275,291,366
pothole,pothole (424).jpg,231,86,7,29,224,86,231,115
pothole,pothole (63).jpg,362,0,28,33,334,0,362,33
pothole,pothole (63).jpg,275,94,47,150,228,94,275,244
pothole,pothole (63).jpg,265,249,35,67,230,249,265,316
pothole,pothole (63).jpg,274,321,21,96,253,321,274,417
pothole,pothole (63).jpg,233,363,14,55,219,363,233,418
pothole,pothole (99).jpg,239,316,29,47,210,316,239,363
pothole,pothole (99).jpg,237,307,32,62,205,307,237,369
pothole,pothole (456).jpg,318,49,41,64,277,49,318,113
pothole,pothole (456).jpg,266,46,43,76,223,46,266,122
pothole,pothole (456).jpg,258,476,62,36,196,476,258,512
pothole,pothole (456).jpg,252,166,47,70,205,166,252,236
pothole,pothole (456).jpg,266,1,36,42,230,1,266,43
pothole,pothole (132).jpg,371,213,19,117,352,213,371,330
pothole,pothole (132).jpg,372,113,23,34,349,113,372,147
pothole,pothole (488).jpg,384,283,43,65,341,283,384,348
pothole,pothole (488).jpg,284,0,35,74,249,0,284,74
pothole,pothole (531).jpg,198,15,57,137,141,15,198,152
pothole,pothole (166).jpg,256,280,34,53,222,280,256,333
pothole,pothole (166).jpg,257,350,37,80,220,350,257,430
pothole,pothole (166).jpg,146,253,20,33,126,253,146,286
pothole,pothole (166).jpg,152,152,18,43,134,152,152,195
pothole,pothole (70).jpg,325,377,35,94,290,377,325,471
pothole,pothole (579).jpg,385,355,34,156,351,355,385,511
pothole,pothole (579).jpg,278,318,21,72,257,318,278,390
pothole,pothole (579).jpg,341,0,49,188,292,0,341,188
pothole,pothole (579).jpg,292,92,36,121,256,92,292,213
pothole,pothole (579).jpg,333,352,23,47,310,352,333,399
pothole,pothole (579).jpg,269,164,11,62,258,164,269,226
pothole,pothole (579).jpg,305,390,22,120,283,390,305,510
pothole,pothole (579).jpg,354,193,25,319,329,193,354,512
pothole,pothole (620).jpg,238,20,25,66,213,20,238,86
pothole,pothole (620).jpg,202,183,23,44,179,183,202,227
pothole,pothole (620).jpg,234,165,17,55,217,165,234,220
pothole,pothole (658).jpg,401,235,38,74,363,235,401,309
pothole,pothole (658).jpg,360,248,13,32,347,248,360,280
pothole,pothole (27).jpg,340,217,22,63,318,217,340,280
pothole,pothole (27).jpg,299,108,21,27,278,108,299,135
pothole,pothole (274).jpg,336,99,20,44,316,99,336,143
pothole,pothole (308).jpg,316,216,35,89,281,216,316,305
pothole,pothole (351).jpg,341,327,51,96,290,327,341,423
pothole,pothole (390).jpg,266,101,24,48,242,101,266,149
pothole,pothole (390).jpg,275,155,29,54,246,155,275,209
pothole,pothole (390).jpg,243,172,29,69,214,172,243,241
pothole,pothole (390).jpg,277,212,25,54,252,212,277,266
pothole,pothole (427).jpg,354,235,39,102,315,235,354,337
pothole,pothole (427).jpg,329,318,27,62,302,318,329,380
pothole,pothole (459).jpg,218,290,23,60,195,290,218,350
pothole,pothole (459).jpg,202,359,12,48,190,359,202,407
pothole,pothole (491).jpg,310,275,23,53,287,275,310,328
pothole,pothole (491).jpg,244,251,11,40,233,251,244,291
pothole,pothole (534).jpg,442,224,19,71,423,224,442,295
pothole,pothole (534).jpg,404,220,19,62,385,220,404,282
pothole,pothole (534).jpg,402,319,18,27,384,319,402,346
pothole,pothole (582).jpg,400,324,14,72,386,324,400,396
pothole,pothole (582).jpg,427,198,58,187,369,198,427,385
pothole,pothole (623).jpg,317,213,41,122,276,213,317,335
pothole,pothole (662).jpg,333,245,34,69,299,245,333,314
pothole,pothole (31).jpg,410,391,19,44,391,391,410,435
pothole,pothole (31).jpg,380,289,5,26,375,289,380,315
pothole,pothole (73).jpg,275,109,17,37,258,109,275,146
pothole,pothole (73).jpg,222,185,8,22,214,185,222,207
pothole,pothole (106).jpg,273,300,43,37,230,300,273,337
pothole,pothole (106).jpg,238,182,26,46,212,182,238,228
pothole,pothole (106).jpg,286,359,23,47,263,359,286,406
pothole,pothole (106).jpg,242,300,21,39,221,300,242,339
pothole,pothole (139).jpg,427,52,31,57,396,52,427,109
pothole,pothole (172).jpg,203,291,32,56,171,291,203,347
pothole,pothole (172).jpg,177,149,28,52,149,149,177,201
pothole,pothole (207).jpg,351,383,29,59,322,383,351,442
pothole,pothole (240).jpg,293,393,30,68,263,393,293,461
pothole,pothole (240).jpg,252,305,32,55,220,305,252,360
pothole,pothole (240).jpg,208,203,8,30,200,203,208,233
pothole,pothole (277).jpg,281,384,20,51,261,384,281,435
pothole,pothole (277).jpg,292,290,12,22,280,290,292,312
pothole,pothole (277).jpg,278,26,33,38,245,26,278,64
pothole,pothole (312).jpg,368,376,30,73,338,376,368,449
pothole,pothole (312).jpg,392,333,26,39,366,333,392,372
pothole,pothole (312).jpg,363,188,29,58,334,188,363,246
pothole,pothole (354).jpg,377,78,36,157,341,78,377,235
pothole,pothole (393).jpg,214,201,29,52,185,201,214,253
pothole,pothole (393).jpg,231,57,19,58,212,57,231,115
pothole,pothole (393).jpg,245,335,14,23,231,335,245,358
pothole,pothole (393).jpg,208,154,16,49,192,154,208,203
pothole,pothole (430).jpg,226,274,38,81,188,274,226,355
pothole,pothole (430).jpg,253,107,37,48,216,107,253,155
pothole,pothole (430).jpg,172,137,20,47,152,137,172,184
pothole,pothole (462).jpg,316,219,34,47,282,219,316,266
pothole,pothole (462).jpg,264,273,20,33,244,273,264,306
pothole,pothole (462).jpg,287,70,23,49,264,70,287,119
pothole,pothole (496).jpg,333,377,31,58,302,377,333,435
pothole,pothole (496).jpg,355,456,26,53,329,456,355,509
pothole,pothole (537).jpg,434,139,31,100,403,139,434,239
pothole,pothole (537).jpg,373,44,23,41,350,44,373,85
pothole,pothole (537).jpg,337,1,28,35,309,1,337,36
pothole,pothole (585).jpg,337,323,23,113,314,323,337,436
pothole,pothole (585).jpg,328,96,17,108,311,96,328,204
pothole,pothole (585).jpg,411,0,40,130,371,0,411,130
pothole,pothole (585).jpg,351,88,22,107,329,88,351,195
pothole,pothole (585).jpg,292,272,8,27,284,272,292,299
pothole,pothole (585).jpg,300,158,7,39,293,158,300,197
pothole,pothole (626).jpg,340,232,24,67,316,232,340,299
pothole,pothole (626).jpg,335,127,29,107,306,127,335,234
pothole,pothole (34).jpg,421,331,24,59,397,331,421,390
pothole,pothole (76).jpg,261,408,24,39,237,408,261,447
pothole,pothole (109).jpg,141,154,25,27,116,154,141,181
pothole,pothole (109).jpg,155,86,20,26,135,86,155,112
pothole,pothole (142).jpg,443,416,17,45,426,416,443,461
pothole,pothole (142).jpg,437,153,30,82,407,153,437,235
pothole,pothole (175).jpg,200,19,16,46,184,19,200,65
pothole,pothole (175).jpg,242,32,24,51,218,32,242,83
pothole,pothole (175).jpg,172,227,24,42,148,227,172,269
pothole,pothole (175).jpg,247,83,23,64,224,83,247,147
pothole,pothole (175).jpg,211,307,14,32,197,307,211,339
pothole,pothole (210).jpg,283,74,39,81,244,74,283,155
pothole,pothole (210).jpg,332,367,36,118,296,367,332,485
pothole,pothole (210).jpg,225,345,18,38,207,345,225,383
pothole,pothole (210).jpg,253,373,13,43,240,373,253,416
pothole,pothole (243).jpg,394,302,37,125,357,302,394,427
pothole,pothole (243).jpg,282,248,16,34,266,248,282,282
pothole,pothole (243).jpg,284,47,19,36,265,47,284,83
pothole,pothole (243).jpg,266,203,15,31,251,203,266,234
pothole,pothole (243).jpg,257,169,11,23,246,169,257,192
pothole,pothole (243).jpg,293,220,9,24,284,220,293,244
pothole,pothole (280).jpg,269,103,21,58,248,103,269,161
pothole,pothole (315).jpg,313,207,43,192,270,207,313,399
pothole,pothole (360).jpg,353,109,30,109,323,109,353,218
pothole,pothole (396).jpg,294,195,56,142,238,195,294,337
pothole,pothole (396).jpg,253,336,25,69,228,336,253,405
pothole,pothole (433).jpg,362,13,55,73,307,13,362,86
pothole,pothole (433).jpg,312,61,52,82,260,61,312,143
pothole,pothole (433).jpg,248,149,57,99,191,149,248,248
pothole,pothole (499).jpg,431,108,35,84,396,108,431,192
pothole,pothole (542).jpg,318,153,31,75,287,153,318,228
pothole,pothole (588).jpg,328,120,25,54,303,120,328,174
pothole,pothole (588).jpg,427,201,17,125,410,201,427,326
pothole,pothole (629).jpg,339,239,51,264,288,239,339,503
pothole,pothole (2).jpg,265,260,16,44,249,260,265,304
pothole,pothole (2).jpg,275,312,15,23,260,312,275,335
pothole,pothole (2).jpg,307,351,20,57,287,351,307,408
pothole,pothole (39).jpg,317,258,25,50,292,258,317,308
pothole,pothole (79).jpg,282,90,30,58,252,90,282,148
pothole,pothole (79).jpg,194,230,23,33,171,230,194,263
pothole,pothole (79).jpg,221,137,15,47,206,137,221,184
pothole,pothole (79).jpg,214,314,18,34,196,314,214,348
pothole,pothole (112).jpg,241,225,28,56,213,225,241,281
pothole,pothole (112).jpg,211,0,36,34,175,0,211,34
pothole,pothole (145).jpg,195,81,37,53,158,81,195,134
pothole,pothole (178).jpg,130,319,24,35,106,319,130,354
pothole,pothole (213).jpg,333,243,35,69,298,243,333,312
pothole,pothole (213).jpg,239,153,24,56,215,153,239,209
pothole,pothole (213).jpg,307,148,16,42,291,148,307,190
pothole,pothole (213).jpg,284,131,16,45,268,131,284,176
pothole,pothole (213).jpg,258,113,12,19,246,113,258,132
pothole,pothole (246).jpg,397,335,34,84,363,335,397,419
pothole,pothole (246).jpg,337,308,10,25,327,308,337,333
pothole,pothole (246).jpg,324,172,11,29,313,172,324,201
pothole,pothole (246).jpg,294,143,7,12,287,143,294,155
pothole,pothole (284).jpg,346,218,31,67,315,218,346,285
pothole,pothole (284).jpg,330,290,14,36,316,290,330,326
pothole,pothole (321).jpg,300,301,27,50,273,301,300,351
pothole,pothole (364).jpg,298,276,28,74,270,276,298,350
pothole,pothole (399).jpg,293,117,48,115,245,117,293,232
pothole,pothole (468).jpg,331,356,46,48,285,356,331,404
pothole,pothole (468).jpg,222,364,11,24,211,364,222,388
pothole,pothole (502).jpg,338,171,30,45,308,171,338,216
pothole,pothole (502).jpg,323,212,25,73,298,212,323,285
pothole,pothole (545).jpg,329,251,45,118,284,251,329,369
pothole,pothole (545).jpg,387,157,62,212,325,157,387,369
pothole,pothole (591).jpg,324,310,22,63,302,310,324,373
pothole,pothole (591).jpg,320,117,18,74,302,117,320,191
pothole,pothole (633).jpg,317,132,33,73,284,132,317,205
pothole,pothole (633).jpg,236,211,26,48,210,211,236,259
pothole,pothole (633).jpg,235,288,10,21,225,288,235,309
pothole,pothole (633).jpg,237,312,10,24,227,312,237,336
pothole,pothole (6).jpg,290,381,28,56,262,381,290,437
pothole,pothole (46).jpg,390,344,38,114,352,344,390,458
pothole,pothole (82).jpg,185,177,26,34,159,177,185,211
pothole,pothole (82).jpg,279,78,13,29,266,78,279,107
pothole,pothole (82).jpg,198,218,11,27,187,218,198,245
pothole,pothole (115).jpg,308,158,36,43,272,158,308,201
pothole,pothole (115).jpg,241,86,16,38,225,86,241,124
pothole,pothole (115).jpg,270,92,15,41,255,92,270,133
pothole,pothole (115).jpg,243,202,8,14,235,202,243,216
pothole,pothole (115).jpg,229,217,9,15,220,217,229,232
pothole,pothole (149).jpg,217,278,27,51,190,278,217,329
pothole,pothole (149).jpg,193,221,24,62,169,221,193,283
pothole,pothole (149).jpg,197,291,12,30,185,291,197,321
pothole,pothole (149).jpg,178,244,14,47,164,244,178,291
pothole,pothole (181).jpg,164,238,17,53,147,238,164,291
pothole,pothole (181).jpg,142,225,11,22,131,225,142,247
pothole,pothole (216).jpg,300,0,33,61,267,0,300,61
pothole,pothole (249).jpg,427,253,24,60,403,253,427,313
pothole,pothole (249).jpg,397,320,22,37,375,320,397,357
pothole,pothole (249).jpg,352,257,12,22,340,257,352,279
pothole,pothole (287).jpg,277,327,28,29,249,327,277,356
pothole,pothole (324).jpg,410,320,19,47,391,320,410,367
pothole,pothole (368).jpg,329,282,33,68,296,282,329,350
pothole,pothole (368).jpg,311,181,17,41,294,181,311,222
pothole,pothole (368).jpg,299,444,24,66,275,444,299,510
pothole,pothole (402).jpg,341,71,30,100,311,71,341,171
pothole,pothole (402).jpg,312,138,26,96,286,138,312,234
pothole,pothole (402).jpg,291,425,26,54,265,425,291,479
pothole,pothole (402).jpg,249,186,15,68,234,186,249,254
pothole,pothole (402).jpg,309,238,20,59,289,238,309,297
pothole,pothole (402).jpg,257,142,12,45,245,142,257,187
pothole,pothole (439).jpg,290,43,42,76,248,43,290,119
pothole,pothole (439).jpg,240,400,29,30,211,400,240,430
pothole,pothole (439).jpg,220,391,16,39,204,391,220,430
pothole,pothole (439).jpg,241,195,21,20,220,195,241,215
pothole,pothole (439).jpg,209,347,11,17,198,347,209,364
pothole,pothole (439).jpg,247,317,29,78,218,317,247,395
pothole,pothole (471).jpg,302,368,35,68,267,368,302,436
pothole,pothole (471).jpg,309,467,32,39,277,467,309,506
pothole,pothole (471).jpg,403,226,38,61,365,226,403,287
pothole,pothole (471).jpg,271,370,25,48,246,370,271,418
pothole,pothole (510).jpg,371,363,30,59,341,363,371,422
pothole,pothole (510).jpg,382,266,26,55,356,266,382,321
pothole,pothole (510).jpg,347,271,17,47,330,271,347,318
pothole,pothole (548).jpg,410,237,37,95,373,237,410,332
pothole,pothole (548).jpg,378,255,28,151,350,255,378,406
pothole,pothole (548).jpg,349,165,26,118,323,165,349,283
pothole,pothole (548).jpg,435,357,36,153,399,357,435,510
pothole,pothole (595).jpg,420,227,21,112,399,227,420,339
pothole,pothole (595).jpg,423,365,17,45,406,365,423,410
pothole,pothole (637).jpg,319,71,35,97,284,71,319,168
pothole,pothole (637).jpg,300,312,31,41,269,312,300,353
pothole,pothole (637).jpg,337,180,23,68,314,180,337,248
pothole,pothole (637).jpg,264,138,12,50,252,138,264,188
pothole,pothole (9).jpg,401,197,19,45,382,197,401,242
pothole,pothole (9).jpg,407,308,15,54,392,308,407,362
pothole,pothole (49).jpg,334,321,22,59,312,321,334,380
pothole,pothole (49).jpg,314,378,15,39,299,378,314,417
pothole,pothole (49).jpg,331,382,21,89,310,382,331,471
pothole,pothole (85).jpg,248,77,17,45,231,77,248,122
pothole,pothole (85).jpg,319,56,41,106,278,56,319,162
pothole,pothole (85).jpg,225,61,22,41,203,61,225,102
pothole,pothole (118).jpg,202,159,28,69,174,159,202,228
pothole,pothole (118).jpg,182,77,15,45,167,77,182,122
pothole,pothole (152).jpg,234,234,26,48,208,234,234,282
pothole,pothole (152).jpg,257,292,34,85,223,292,257,377
pothole,pothole (152).jpg,213,338,22,39,191,338,213,377
pothole,pothole (184).jpg,225,128,34,53,191,128,225,181
pothole,pothole (184).jpg,122,193,12,36,110,193,122,229
pothole,pothole (220).jpg,318,18,26,106,292,18,318,124
pothole,pothole (220).jpg,272,250,20,78,252,250,272,328
pothole,pothole (220).jpg,234,223,19,30,215,223,234,253
pothole,pothole (220).jpg,246,82,17,42,229,82,246,124
pothole,pothole (220).jpg,269,73,13,48,256,73,269,121
pothole,pothole (220).jpg,232,254,14,31,218,254,232,285
pothole,pothole (220).jpg,209,122,8,22,201,122,209,144
pothole,pothole (253).jpg,323,395,22,79,301,395,323,474
pothole,pothole (253).jpg,282,0,19,15,263,0,282,15
pothole,pothole (290).jpg,279,263,21,35,258,263,279,298
pothole,pothole (327).jpg,231,466,33,46,198,466,231,512
pothole,pothole (373).jpg,52,63,23,105,29,63,52,168
pothole,pothole (405).jpg,408,373,34,100,374,373,408,473
pothole,pothole (405).jpg,341,47,25,93,316,47,341,140
pothole,pothole (405).jpg,316,231,26,54,290,231,316,285
pothole,pothole (442).jpg,246,65,34,92,212,65,246,157
pothole,pothole (442).jpg,302,152,21,64,281,152,302,216
pothole,pothole (474).jpg,414,232,38,54,376,232,414,286
pothole,pothole (474).jpg,312,256,34,56,278,256,312,312
pothole,pothole (514).jpg,397,304,26,55,371,304,397,359
pothole,pothole (514).jpg,317,396,27,50,290,396,317,446
pothole,pothole (514).jpg,406,439,24,73,382,439,406,512
pothole,pothole (553).jpg,385,211,34,108,351,211,385,319
pothole,pothole (599).jpg,307,65,56,209,251,65,307,274
pothole,pothole (642).jpg,275,70,26,76,249,70,275,146
pothole,pothole (642).jpg,257,34,15,134,242,34,257,168
pothole,pothole (642).jpg,288,12,19,33,269,12,288,45
pothole,pothole (642).jpg,267,13,19,23,248,13,267,36
pothole,pothole (12).jpg,410,85,26,76,384,85,410,161
pothole,pothole (52).jpg,254,244,21,51,233,244,254,295
pothole,pothole (88).jpg,345,172,23,50,322,172,345,222
pothole,pothole (88).jpg,214,192,22,29,192,192,214,221
pothole,pothole (88).jpg,198,287,20,32,178,287,198,319
pothole,pothole (88).jpg,183,322,12,26,171,322,183,348
pothole,pothole (88).jpg,189,124,16,45,173,124,189,169
pothole,pothole (121).jpg,200,351,22,60,178,351,200,411
pothole,pothole (155).jpg,326,330,37,51,289,330,326,381
pothole,pothole (155).jpg,378,377,37,49,341,377,378,426
pothole,pothole (155).jpg,280,371,12,45,268,371,280,416
pothole,pothole (155).jpg,309,188,14,41,295,188,309,229
pothole,pothole (187).jpg,234,212,26,43,208,212,234,255
pothole,pothole (187).jpg,259,65,28,70,231,65,259,135
pothole,pothole (187).jpg,201,143,29,55,172,143,201,198
pothole,pothole (223).jpg,312,70,28,82,284,70,312,152
pothole,pothole (223).jpg,293,305,30,38,263,305,293,343
pothole,pothole (223).jpg,280,345,20,38,260,345,280,383
pothole,pothole (256).jpg,380,289,29,56,351,289,380,345
pothole,pothole (293).jpg,316,257,35,93,281,257,316,350
pothole,pothole (293).jpg,268,249,19,50,249,249,268,299
pothole,pothole (293).jpg,292,207,20,45,272,207,292,252
pothole,pothole (332).jpg,421,284,26,46,395,284,421,330
pothole,pothole (376).jpg,345,423,30,75,315,423,345,498
pothole,pothole (376).jpg,329,373,22,37,307,373,329,410
pothole,pothole (376).jpg,278,280,20,43,258,280,278,323
pothole,pothole (376).jpg,243,131,9,28,234,131,243,159
pothole,pothole (376).jpg,240,159,9,35,231,159,240,194
pothole,pothole (376).jpg,228,148,7,35,221,148,228,183
pothole,pothole (411).jpg,271,1,38,79,233,1,271,80
pothole,pothole (411).jpg,258,360,22,34,236,360,258,394
pothole,pothole (445).jpg,300,263,26,78,274,263,300,341
pothole,pothole (445).jpg,231,194,14,36,217,194,231,230
pothole,pothole (445).jpg,205,200,13,19,192,200,205,219
pothole,pothole (445).jpg,185,201,7,20,178,201,185,221
pothole,pothole (445).jpg,220,217,11,25,209,217,220,242
pothole,pothole (445).jpg,289,478,33,32,256,478,289,510
pothole,pothole (477).jpg,281,283,31,59,250,283,281,342
pothole,pothole (477).jpg,358,445,25,42,333,445,358,487
pothole,pothole (477).jpg,372,328,40,62,332,328,372,390
pothole,pothole (518).jpg,269,156,38,49,231,156,269,205
pothole,pothole (559).jpg,482,331,22,88,460,331,482,419
pothole,pothole (559).jpg,409,445,26,67,383,445,409,512
pothole,pothole (607).jpg,367,164,18,49,349,164,367,213
pothole,pothole (607).jpg,323,222,30,77,293,222,323,299
pothole,pothole (645).jpg,298,74,42,147,256,74,298,221
pothole,pothole (645).jpg,286,338,42,64,244,338,286,402
pothole,pothole (15).jpg,305,211,33,84,272,211,305,295
pothole,pothole (55).jpg,297,307,17,51,280,307,297,358
pothole,pothole (55).jpg,272,347,24,72,248,347,272,419
pothole,pothole (55).jpg,259,171,22,73,237,171,259,244
pothole,pothole (55).jpg,277,29,25,98,252,29,277,127
pothole,pothole (55).jpg,241,278,12,37,229,278,241,315
pothole,pothole (91).jpg,286,160,27,43,259,160,286,203
pothole,pothole (91).jpg,307,201,25,31,282,201,307,232
pothole,pothole (91).jpg,264,51,29,48,235,51,264,99
pothole,pothole (91).jpg,224,32,16,68,208,32,224,100
pothole,pothole (124).jpg,223,131,24,55,199,131,223,186
pothole,pothole (124).jpg,228,47,23,57,205,47,228,104
pothole,pothole (124).jpg,218,353,18,20,200,353,218,373
pothole,pothole (124).jpg,287,351,21,36,266,351,287,387
pothole,pothole (158).jpg,420,202,37,129,383,202,420,331
pothole,pothole (190).jpg,225,155,24,33,201,155,225,188
pothole,pothole (190).jpg,249,1,41,98,208,1,249,99
pothole,pothole (190).jpg,225,269,33,70,192,269,225,339
pothole,pothole (190).jpg,207,383,19,37,188,383,207,420
pothole,pothole (226).jpg,427,115,24,57,403,115,427,172
pothole,pothole (226).jpg,354,54,23,39,331,54,354,93
pothole,pothole (226).jpg,370,218,13,26,357,218,370,244
pothole,pothole (226).jpg,337,284,9,19,328,284,337,303
pothole,pothole (226).jpg,378,374,12,27,366,374,378,401
pothole,pothole (259).jpg,326,457,11,49,315,457,326,506
pothole,pothole (296).jpg,330,199,25,50,305,199,330,249
pothole,pothole (337).jpg,246,236,18,43,228,236,246,279
pothole,pothole (337).jpg,309,270,24,59,285,270,309,329
pothole,pothole (337).jpg,239,358,17,67,222,358,239,425
pothole,pothole (379).jpg,320,92,46,121,274,92,320,213
pothole,pothole (379).jpg,293,417,29,69,264,417,293,486
pothole,pothole (379).jpg,255,107,13,54,242,107,255,161
pothole,pothole (379).jpg,250,161,15,55,235,161,250,216
pothole,pothole (379).jpg,316,213,20,60,296,213,316,273
pothole,pothole (415).jpg,226,221,21,36,205,221,226,257
pothole,pothole (415).jpg,253,252,21,39,232,252,253,291
pothole,pothole (448).jpg,253,143,16,45,237,143,253,188
pothole,pothole (448).jpg,227,165,26,38,201,165,227,203
pothole,pothole (448).jpg,237,228,44,55,193,228,237,283
pothole,pothole (480).jpg,311,237,37,60,274,237,311,297
pothole,pothole (480).jpg,266,146,32,52,234,146,266,198
pothole,pothole (480).jpg,320,376,21,31,299,376,320,407
pothole,pothole (568).jpg,344,155,28,102,316,155,344,257
pothole,pothole (568).jpg,295,308,33,130,262,308,295,438
pothole,pothole (568).jpg,335,263,49,249,286,263,335,512
pothole,pothole (568).jpg,322,129,19,111,303,129,322,240
pothole,pothole (568).jpg,338,19,33,134,305,19,338,153
pothole,pothole (568).jpg,308,248,22,60,286,248,308,308
pothole,pothole (568).jpg,290,126,8,34,282,126,290,160
pothole,pothole (568).jpg,282,210,11,84,271,210,282,294
pothole,pothole (568).jpg,282,306,10,41,272,306,282,347
pothole,pothole (568).jpg,271,36,11,20,260,36,271,56
pothole,pothole (568).jpg,276,168,10,42,266,168,276,210
pothole,pothole (568).jpg,256,95,6,40,250,95,256,135
pothole,pothole (568).jpg,262,222,20,49,242,222,262,271
pothole,pothole (610).jpg,384,63,24,67,360,63,384,130
pothole,pothole (610).jpg,342,170,27,101,315,170,342,271
pothole,pothole (610).jpg,322,2,20,86,302,2,322,88
pothole,pothole (18).jpg,324,258,39,68,285,258,324,326
pothole,pothole (18).jpg,309,430,22,47,287,430,309,477
pothole,pothole (58).jpg,276,15,22,60,254,15,276,75
pothole,pothole (58).jpg,300,66,30,132,270,66,300,198
pothole,pothole (94).jpg,255,236,27,40,228,236,255,276
pothole,pothole (94).jpg,263,158,15,22,248,158,263,180
pothole,pothole (127).jpg,351,157,23,62,328,157,351,219
pothole,pothole (127).jpg,414,385,33,51,381,385,414,436
pothole,pothole (127).jpg,318,394,9,26,309,394,318,420
pothole,pothole (161).jpg,363,227,29,68,334,227,363,295
pothole,pothole (193).jpg,263,421,37,51,226,421,263,472
pothole,pothole (193).jpg,208,327,33,51,175,327,208,378
pothole,pothole (193).jpg,246,321,35,70,211,321,246,391
pothole,pothole (229).jpg,446,257,22,33,424,257,446,290
pothole,pothole (229).jpg,418,0,45,48,373,0,418,48
pothole,pothole (229).jpg,365,283,9,21,356,283,365,304
pothole,pothole (265).jpg,367,141,29,114,338,141,367,255
pothole,pothole (265).jpg,338,179,14,29,324,179,338,208
pothole,pothole (300).jpg,242,194,26,111,216,194,242,305
pothole,pothole (300).jpg,264,296,46,216,218,296,264,512
pothole,pothole (300).jpg,226,307,23,123,203,307,226,430
pothole,pothole (340).jpg,281,359,40,55,241,359,281,414
pothole,pothole (340).jpg,229,478,27,32,202,478,229,510
pothole,pothole (382).jpg,253,253,34,54,219,253,253,307
pothole,pothole (382).jpg,254,131,30,58,224,131,254,189
pothole,pothole (382).jpg,227,0,57,40,170,0,227,40
pothole,pothole (382).jpg,253,43,39,84,214,43,253,127
pothole,pothole (382).jpg,248,194,29,55,219,194,248,249
pothole,pothole (382).jpg,202,48,41,120,161,48,202,168
pothole,pothole (418).jpg,458,219,15,48,443,219,458,267
pothole,pothole (418).jpg,436,262,21,42,415,262,436,304
pothole,pothole (418).jpg,440,431,14,34,426,431,440,465
pothole,pothole (418).jpg,416,299,11,32,405,299,416,331
pothole,pothole (451).jpg,358,109,29,62,329,109,358,171
pothole,pothole (451).jpg,305,104,34,57,271,104,305,161
pothole,pothole (451).jpg,303,304,23,34,280,304,303,338
pothole,pothole (451).jpg,259,349,34,44,225,349,259,393
pothole,pothole (451).jpg,246,144,22,48,224,144,246,192
pothole,pothole (483).jpg,269,47,22,33,247,47,269,80
pothole,pothole (483).jpg,309,149,23,30,286,149,309,179
pothole,pothole (483).jpg,284,119,17,41,267,119,284,160
pothole,pothole (483).jpg,239,170,8,30,231,170,239,200
pothole,pothole (483).jpg,324,217,11,22,313,217,324,239
pothole,pothole (526).jpg,350,33,32,70,318,33,350,103
pothole,pothole (526).jpg,338,166,40,111,298,166,338,277
pothole,pothole (573).jpg,359,286,54,179,305,286,359,465
pothole,pothole (573).jpg,291,415,26,69,265,415,291,484
pothole,pothole (573).jpg,240,158,26,49,214,158,240,207
pothole,pothole (573).jpg,237,229,26,60,211,229,237,289
pothole,pothole (573).jpg,193,27,17,83,176,27,193,110
pothole,pothole (573).jpg,191,173,17,52,174,173,191,225
pothole,pothole (573).jpg,323,0,66,273,257,0,323,273
pothole,pothole (573).jpg,264,278,26,115,238,278,264,393
pothole,pothole (573).jpg,217,396,18,74,199,396,217,470
pothole,pothole (573).jpg,247,116,14,39,233,116,247,155
pothole,pothole (573).jpg,214,252,21,100,193,252,214,352
pothole,pothole (573).jpg,213,102,22,147,191,102,213,249
pothole,pothole (615).jpg,329,353,29,95,300,353,329,448
pothole,pothole (615).jpg,338,457,38,55,300,457,338,512
pothole,pothole (615).jpg,342,0,39,135,303,0,342,135
pothole,pothole (615).jpg,314,116,24,69,290,116,314,185
pothole,pothole (615).jpg,275,46,24,81,251,46,275,127
pothole,pothole (615).jpg,214,200,11,41,203,200,214,241
pothole,pothole (615).jpg,259,136,14,31,245,136,259,167
pothole,pothole (615).jpg,228,17,10,36,218,17,228,53
pothole,pothole (615).jpg,240,6,9,36,231,6,240,42
pothole,pothole (653).jpg,298,183,26,76,272,183,298,259
pothole,pothole (21).jpg,292,95,28,63,264,95,292,158
pothole,pothole (21).jpg,248,95,11,16,237,95,248,111
pothole,pothole (21).jpg,202,118,8,24,194,118,202,142
pothole,pothole (21).jpg,248,289,10,19,238,289,248,308
pothole,pothole (21).jpg,211,163,9,17,202,163,211,180
pothole,pothole (61).jpg,396,2,45,28,351,2,396,30
pothole,pothole (61).jpg,403,172,25,111,378,172,403,283
pothole,pothole (61).jpg,372,57,21,87,351,57,372,144
pothole,pothole (97).jpg,252,181,25,42,227,181,252,223
pothole,pothole (130).jpg,377,394,18,47,359,394,377,441
pothole,pothole (130).jpg,365,282,29,57,336,282,365,339
pothole,pothole (164).jpg,204,192,26,58,178,192,204,250
pothole,pothole (164).jpg,234,364,41,104,193,364,234,468
pothole,pothole (164).jpg,187,243,10,40,177,243,187,283
pothole,pothole (196).jpg,387,385,28,44,359,385,387,429
pothole,pothole (196).jpg,329,160,10,26,319,160,329,186
pothole,pothole (232).jpg,365,111,28,65,337,111,365,176
pothole,pothole (232).jpg,331,156,14,39,317,156,331,195
pothole,pothole (232).jpg,346,451,10,27,336,451,346,478
pothole,pothole (232).jpg,316,163,11,22,305,163,316,185
pothole,pothole (268).jpg,346,50,28,64,318,50,346,114
pothole,pothole (268).jpg,320,244,19,25,301,244,320,269
pothole,pothole (303).jpg,419,60,53,168,366,60,419,228
pothole,pothole (344).jpg,290,196,37,93,253,196,290,289
pothole,pothole (385).jpg,314,335,28,51,286,335,314,386
pothole,pothole (385).jpg,282,287,29,53,253,287,282,340
pothole,pothole (385).jpg,241,184,22,36,219,184,241,220
pothole,pothole (385).jpg,265,219,16,53,249,219,265,272
pothole,pothole (385).jpg,258,285,13,43,245,285,258,328
pothole,pothole (422).jpg,408,189,38,94,370,189,408,283
pothole,pothole (422).jpg,358,174,8,18,350,174,358,192
pothole,pothole (454).jpg,355,3,31,39,324,3,355,42
pothole,pothole (454).jpg,338,382,37,48,301,382,338,430
pothole,pothole (454).jpg,247,99,35,51,212,99,247,150
pothole,pothole (454).jpg,212,173,38,61,174,173,212,234
pothole,pothole (454).jpg,252,201,19,31,233,201,252,232
pothole,pothole (486).jpg,321,0,49,45,272,0,321,45
pothole,pothole (486).jpg,221,379,21,45,200,379,221,424
pothole,pothole (486).jpg,200,106,9,37,191,106,200,143
pothole,pothole (486).jpg,221,252,8,38,213,252,221,290
pothole,pothole (529).jpg,355,0,53,31,302,0,355,31
pothole,pothole (529).jpg,321,43,50,127,271,43,321,170
pothole,pothole (577).jpg,360,100,33,71,327,100,360,171
pothole,pothole (577).jpg,366,38,24,51,342,38,366,89
pothole,pothole (577).jpg,344,234,30,172,314,234,344,406
pothole,pothole (577).jpg,259,2,35,96,224,2,259,98
pothole,pothole (577).jpg,259,189,17,63,242,189,259,252
pothole,pothole (577).jpg,401,276,61,194,340,276,401,470
pothole,pothole (577).jpg,300,1,48,162,252,1,300,163
pothole,pothole (577).jpg,305,300,32,112,273,300,305,412
pothole,pothole (577).jpg,304,228,20,48,284,228,304,276
pothole,pothole (577).jpg,373,362,28,130,345,362,373,492
pothole,pothole (577).jpg,286,250,14,132,272,250,286,382
pothole,pothole (577).jpg,244,48,10,57,234,48,244,105
pothole,pothole (618).jpg,354,65,28,60,326,65,354,125
pothole,pothole (618).jpg,308,126,22,64,286,126,308,190
pothole,pothole (618).jpg,258,429,13,47,245,429,258,476
pothole,pothole (618).jpg,302,450,12,34,290,450,302,484
pothole,pothole (618).jpg,247,194,7,18,240,194,247,212
pothole,pothole (656).jpg,319,156,24,42,295,156,319,198
pothole,pothole (25).jpg,300,212,9,27,291,212,300,239
pothole,pothole (25).jpg,278,371,10,22,268,371,278,393
pothole,pothole (25).jpg,325,457,29,55,296,457,325,512
pothole,pothole (64).jpg,252,286,35,143,217,286,252,429
pothole,pothole (100).jpg,230,337,37,54,193,337,230,391
pothole,pothole (133).jpg,413,240,20,65,393,240,413,305
pothole,pothole (133).jpg,419,65,17,52,402,65,419,117
pothole,pothole (167).jpg,174,123,13,53,161,123,174,176
pothole,pothole (167).jpg,167,261,16,32,151,261,167,293
pothole,pothole (103).jpg,211,214,36,47,175,214,211,261
pothole,pothole (199).jpg,315,201,17,40,298,201,315,241
pothole,pothole (199).jpg,270,194,15,35,255,194,270,229
pothole,pothole (199).jpg,256,228,15,19,241,228,256,247
pothole,pothole (199).jpg,210,106,10,27,200,106,210,133
pothole,pothole (199).jpg,230,278,12,24,218,278,230,302
pothole,pothole (199).jpg,271,239,7,24,264,239,271,263
pothole,pothole (235).jpg,456,389,23,49,433,389,456,438
pothole,pothole (235).jpg,305,67,10,25,295,67,305,92
pothole,pothole (235).jpg,318,125,11,23,307,125,318,148
pothole,pothole (235).jpg,331,93,14,24,317,93,331,117
pothole,pothole (235).jpg,304,133,8,20,296,133,304,153
pothole,pothole (271).jpg,428,190,29,54,399,190,428,244
pothole,pothole (271).jpg,398,231,18,55,380,231,398,286
pothole,pothole (306).jpg,291,332,39,71,252,332,291,403
pothole,pothole (349).jpg,319,240,33,89,286,240,319,329
pothole,pothole (349).jpg,299,330,24,70,275,330,299,400
pothole,pothole (349).jpg,258,260,39,92,219,260,258,352
pothole,pothole (388).jpg,289,1,32,64,257,1,289,65
pothole,pothole (388).jpg,266,1,20,65,246,1,266,66
pothole,pothole (388).jpg,242,14,20,54,222,14,242,68
pothole,pothole (425).jpg,426,280,41,117,385,280,426,397
pothole,pothole (425).jpg,362,158,19,57,343,158,362,215
pothole,pothole (425).jpg,367,265,15,24,352,265,367,289
pothole,pothole (457).jpg,233,310,18,20,215,310,233,330
pothole,pothole (457).jpg,186,212,17,28,169,212,186,240
pothole,pothole (457).jpg,307,156,29,45,278,156,307,201
pothole,pothole (489).jpg,333,130,49,148,284,130,333,278
pothole,pothole (532).jpg,349,0,44,131,305,0,349,131
pothole,pothole (532).jpg,298,106,32,186,266,106,298,292
pothole,pothole (532).jpg,236,262,13,42,223,262,236,304
pothole,pothole (580).jpg,394,30,45,226,349,30,394,256
pothole,pothole (580).jpg,323,148,48,113,275,148,323,261
pothole,pothole (580).jpg,307,388,26,78,281,388,307,466
pothole,pothole (580).jpg,371,429,19,78,352,429,371,507
pothole,pothole (580).jpg,354,405,17,50,337,405,354,455
pothole,pothole (580).jpg,328,469,15,43,313,469,328,512
pothole,pothole (580).jpg,282,342,11,27,271,342,282,369
pothole,pothole (580).jpg,295,230,15,66,280,230,295,296
pothole,pothole (580).jpg,376,206,16,102,360,206,376,308
pothole,pothole (621).jpg,232,151,27,71,205,151,232,222
pothole,pothole (621).jpg,281,143,17,53,264,143,281,196
pothole,pothole (659).jpg,413,274,22,38,391,274,413,312
pothole,pothole (659).jpg,401,206,29,43,372,206,401,249
pothole,pothole (659).jpg,400,341,14,45,386,341,400,386
pothole,pothole (28).jpg,333,125,25,47,308,125,333,172
pothole,pothole (71).jpg,450,202,37,154,413,202,450,356
pothole,pothole (71).jpg,318,482,25,30,293,482,318,512
pothole,pothole (104).jpg,275,144,39,82,236,144,275,226
pothole,pothole (136).jpg,390,76,23,56,367,76,390,132
pothole,pothole (136).jpg,368,116,16,37,352,116,368,153
pothole,pothole (170).jpg,213,76,39,43,174,76,213,119
pothole,pothole (170).jpg,176,301,27,72,149,301,176,373
pothole,pothole (170).jpg,157,198,20,54,137,198,157,252
pothole,pothole (170).jpg,127,201,12,24,115,201,127,225
pothole,pothole (202).jpg,313,131,25,71,288,131,313,202
pothole,pothole (202).jpg,252,147,23,55,229,147,252,202
pothole,pothole (202).jpg,253,312,20,34,233,312,253,346
pothole,pothole (202).jpg,295,349,12,27,283,349,295,376
pothole,pothole (205).jpg,316,285,29,63,287,285,316,348
pothole,pothole (205).jpg,287,339,21,41,266,339,287,380
pothole,pothole (205).jpg,258,260,17,27,241,260,258,287
pothole,pothole (238).jpg,258,177,31,79,227,177,258,256
pothole,pothole (238).jpg,264,290,20,55,244,290,264,345
pothole,pothole (238).jpg,214,281,12,43,202,281,214,324
pothole,pothole (238).jpg,226,308,12,31,214,308,226,339
pothole,pothole (238).jpg,222,356,16,31,206,356,222,387
pothole,pothole (238).jpg,203,229,14,31,189,229,203,260
pothole,pothole (238).jpg,252,260,16,28,236,260,252,288
pothole,pothole (238).jpg,263,440,16,31,247,440,263,471
pothole,pothole (275).jpg,377,123,47,124,330,123,377,247
pothole,pothole (309).jpg,330,299,28,49,302,299,330,348
pothole,pothole (309).jpg,398,413,21,72,377,413,398,485
pothole,pothole (309).jpg,425,437,30,75,395,437,425,512
pothole,pothole (309).jpg,340,233,14,38,326,233,340,271
pothole,pothole (352).jpg,317,354,28,45,289,354,317,399
pothole,pothole (391).jpg,303,137,43,93,260,137,303,230
pothole,pothole (391).jpg,273,0,78,58,195,0,273,58
pothole,pothole (391).jpg,267,72,36,101,231,72,267,173
pothole,pothole (391).jpg,312,60,49,75,263,60,312,135
pothole,pothole (428).jpg,376,382,53,105,323,382,376,487
pothole,pothole (428).jpg,324,245,24,53,300,245,324,298
pothole,pothole (460).jpg,247,448,30,38,217,448,247,486
pothole,pothole (460).jpg,259,323,18,58,241,323,259,381
pothole,pothole (460).jpg,236,269,30,53,206,269,236,322
pothole,pothole (492).jpg,260,0,99,263,161,0,260,263
pothole,pothole (535).jpg,348,46,52,148,296,46,348,194
pothole,pothole (535).jpg,364,244,22,91,342,244,364,335
pothole,pothole (535).jpg,315,101,28,85,287,101,315,186
pothole,pothole (535).jpg,309,213,22,152,287,213,309,365
pothole,pothole (583).jpg,391,336,18,76,373,336,391,412
pothole,pothole (583).jpg,492,201,20,126,472,201,492,327
pothole,pothole (583).jpg,441,262,50,137,391,262,441,399
pothole,pothole (624).jpg,276,407,46,53,230,407,276,460
pothole,pothole (624).jpg,324,35,33,52,291,35,324,87
pothole,pothole (624).jpg,241,421,15,25,226,421,241,446
pothole,pothole (624).jpg,238,257,13,50,225,257,238,307
pothole,pothole (32).jpg,436,423,30,70,406,423,436,493
pothole,pothole (32).jpg,366,257,15,26,351,257,366,283
pothole,pothole (74).jpg,259,193,15,36,244,193,259,229
pothole,pothole (107).jpg,202,166,25,48,177,166,202,214
pothole,pothole (107).jpg,172,141,12,39,160,141,172,180
pothole,pothole (107).jpg,152,305,8,15,144,305,152,320
pothole,pothole (173).jpg,231,0,67,36,164,0,231,36
pothole,pothole (173).jpg,153,172,12,53,141,172,153,225
pothole,pothole (173).jpg,131,244,13,22,118,244,131,266
pothole,pothole (208).jpg,345,409,30,49,315,409,345,458
pothole,pothole (208).jpg,292,386,19,34,273,386,292,420
pothole,pothole (208).jpg,212,155,8,37,204,155,212,192
pothole,pothole (208).jpg,238,251,7,19,231,251,238,270
pothole,pothole (241).jpg,336,361,31,85,305,361,336,446
pothole,pothole (241).jpg,242,201,15,40,227,201,242,241
pothole,pothole (241).jpg,308,443,14,23,294,443,308,466
pothole,pothole (241).jpg,217,202,7,27,210,202,217,229
pothole,pothole (278).jpg,294,460,43,50,251,460,294,510
pothole,pothole (313).jpg,250,155,30,71,220,155,250,226
pothole,pothole (313).jpg,243,444,14,48,229,444,243,492
pothole,pothole (355).jpg,372,47,25,54,347,47,372,101
pothole,pothole (355).jpg,304,110,20,45,284,110,304,155
pothole,pothole (355).jpg,267,104,11,39,256,104,267,143
pothole,pothole (394).jpg,272,372,31,37,241,372,272,409
pothole,pothole (394).jpg,248,10,55,116,193,10,248,126
pothole,pothole (394).jpg,238,194,34,64,204,194,238,258
pothole,pothole (394).jpg,227,117,20,73,207,117,227,190
pothole,pothole (394).jpg,264,313,17,41,247,313,264,354
pothole,pothole (431).jpg,290,322,85,135,205,322,290,457
pothole,pothole (431).jpg,189,200,21,55,168,200,189,255
pothole,pothole (431).jpg,279,122,22,29,257,122,279,151
pothole,pothole (463).jpg,347,223,35,59,312,223,347,282
pothole,pothole (497).jpg,380,120,32,63,348,120,380,183
pothole,pothole (538).jpg,275,116,28,79,247,116,275,195
pothole,pothole (538).jpg,229,295,14,35,215,295,229,330
pothole,pothole (586).jpg,339,274,34,129,305,274,339,403
pothole,pothole (586).jpg,315,26,21,115,294,26,315,141
pothole,pothole (586).jpg,337,0,34,119,303,0,337,119
pothole,pothole (586).jpg,286,216,14,38,272,216,286,254
pothole,pothole (586).jpg,286,94,12,44,274,94,286,138
pothole,pothole (627).jpg,339,0,47,116,292,0,339,116
pothole,pothole (627).jpg,230,440,37,56,193,440,230,496
pothole,pothole (627).jpg,191,268,10,24,181,268,191,292
pothole,pothole (627).jpg,220,331,6,22,214,331,220,353
pothole,pothole (627).jpg,209,375,8,10,201,375,209,385
pothole,pothole (627).jpg,197,349,7,20,190,349,197,369
pothole,pothole (627).jpg,245,241,13,129,232,241,245,370
pothole,pothole (35).jpg,405,336,43,83,362,336,405,419
pothole,pothole (35).jpg,320,125,12,28,308,125,320,153
pothole,pothole (35).jpg,324,165,13,31,311,165,324,196
pothole,pothole (35).jpg,319,19,11,54,308,19,319,73
pothole,pothole (77).jpg,203,321,11,27,192,321,203,348
pothole,pothole (77).jpg,188,403,22,35,166,403,188,438
pothole,pothole (110).jpg,262,296,24,47,238,296,262,343
pothole,pothole (110).jpg,193,128,15,47,178,128,193,175
pothole,pothole (110).jpg,204,240,17,30,187,240,204,270
pothole,pothole (110).jpg,190,212,8,24,182,212,190,236
pothole,pothole (110).jpg,166,224,8,31,158,224,166,255
pothole,pothole (143).jpg,414,477,36,35,378,477,414,512
pothole,pothole (143).jpg,382,400,32,48,350,400,382,448
pothole,pothole (143).jpg,346,244,8,27,338,244,346,271
pothole,pothole (143).jpg,312,273,12,17,300,273,312,290
pothole,pothole (176).jpg,187,259,33,56,154,259,187,315
pothole,pothole (176).jpg,212,95,12,32,200,95,212,127
pothole,pothole (176).jpg,161,357,12,21,149,357,161,378
pothole,pothole (176).jpg,158,217,10,28,148,217,158,245
pothole,pothole (176).jpg,297,308,18,32,279,308,297,340
pothole,pothole (211).jpg,348,80,20,114,328,80,348,194
pothole,pothole (211).jpg,323,348,30,62,293,348,323,410
pothole,pothole (211).jpg,281,450,12,44,269,450,281,494
pothole,pothole (211).jpg,245,394,12,42,233,394,245,436
pothole,pothole (211).jpg,269,344,11,23,258,344,269,367
pothole,pothole (211).jpg,234,300,16,15,218,300,234,315
pothole,pothole (244).jpg,412,412,20,66,392,412,412,478
pothole,pothole (244).jpg,353,406,26,62,327,406,353,468
pothole,pothole (244).jpg,309,267,16,76,293,267,309,343
pothole,pothole (244).jpg,285,204,14,31,271,204,285,235
pothole,pothole (244).jpg,363,382,14,21,349,382,363,403
pothole,pothole (244).jpg,371,483,16,29,355,483,371,512
pothole,pothole (281).jpg,243,413,23,48,220,413,243,461
pothole,pothole (319).jpg,424,232,21,36,403,232,424,268
pothole,pothole (319).jpg,427,33,18,40,409,33,427,73
pothole,pothole (397).jpg,280,77,66,170,214,77,280,247
pothole,pothole (434).jpg,267,355,64,77,203,355,267,432
pothole,pothole (466).jpg,391,130,41,73,350,130,391,203
pothole,pothole (466).jpg,250,414,17,33,233,414,250,447
pothole,pothole (466).jpg,363,343,18,25,345,343,363,368
pothole,pothole (466).jpg,250,234,18,19,232,234,250,253
pothole,pothole (500).jpg,318,263,36,98,282,263,318,361
pothole,pothole (543).jpg,362,10,28,101,334,10,362,111
pothole,pothole (543).jpg,346,145,20,30,326,145,346,175
pothole,pothole (543).jpg,284,197,13,30,271,197,284,227
pothole,pothole (543).jpg,328,121,9,42,319,121,328,163
pothole,pothole (589).jpg,377,0,58,75,319,0,377,75
pothole,pothole (589).jpg,310,190,15,49,295,190,310,239
pothole,pothole (589).jpg,324,21,18,69,306,21,324,90
pothole,pothole (135).jpg,209,403,33,80,176,403,209,483
pothole,pothole (135).jpg,156,179,25,51,131,179,156,230
pothole,pothole (169).jpg,154,265,21,47,133,265,154,312
pothole,pothole (169).jpg,141,183,16,47,125,183,141,230
pothole,pothole (169).jpg,263,322,42,94,221,322,263,416
pothole,pothole (169).jpg,293,0,23,56,270,0,293,56
pothole,pothole (169).jpg,125,187,10,22,115,187,125,209
pothole,pothole (201).jpg,215,99,20,57,195,99,215,156
pothole,pothole (201).jpg,268,20,20,50,248,20,268,70
pothole,pothole (201).jpg,342,330,28,91,314,330,342,421
pothole,pothole (201).jpg,315,371,26,44,289,371,315,415
pothole,pothole (201).jpg,199,115,12,36,187,115,199,151
pothole,pothole (201).jpg,252,356,19,38,233,356,252,394
pothole,pothole (201).jpg,199,196,9,27,190,196,199,223
pothole,pothole (201).jpg,208,234,7,17,201,234,208,251
pothole,pothole (201).jpg,229,281,8,32,221,281,229,313
pothole,pothole (201).jpg,222,237,5,17,217,237,222,254
pothole,pothole (204).jpg,329,362,30,102,299,362,329,464
pothole,pothole (204).jpg,266,218,14,42,252,218,266,260
pothole,pothole (204).jpg,337,0,32,22,305,0,337,22
pothole,pothole (204).jpg,252,265,17,24,235,265,252,289
pothole,pothole (204).jpg,236,214,16,31,220,214,236,245
pothole,pothole (631).jpg,251,185,31,54,220,185,251,239
pothole,pothole (631).jpg,225,251,18,39,207,251,225,290
pothole,pothole (631).jpg,347,476,33,36,314,476,347,512
pothole,pothole (631).jpg,299,477,17,32,282,477,299,509
pothole,pothole (3).jpg,410,29,53,119,357,29,410,148
pothole,pothole (3).jpg,306,335,20,44,286,335,306,379
pothole,pothole (40).jpg,327,39,56,149,271,39,327,188
pothole,pothole (80).jpg,283,75,29,66,254,75,283,141
pothole,pothole (80).jpg,240,384,40,53,200,384,240,437
pothole,pothole (80).jpg,213,231,32,56,181,231,213,287
pothole,pothole (80).jpg,245,155,23,50,222,155,245,205
pothole,pothole (113).jpg,295,164,33,34,262,164,295,198
pothole,pothole (113).jpg,294,202,20,42,274,202,294,244
pothole,pothole (113).jpg,274,302,16,27,258,302,274,329
pothole,pothole (113).jpg,223,217,14,25,209,217,223,242
pothole,pothole (113).jpg,205,230,14,26,191,230,205,256
pothole,pothole (237).jpg,312,259,29,88,283,259,312,347
pothole,pothole (237).jpg,267,116,17,54,250,116,267,170
pothole,pothole (237).jpg,240,215,16,36,224,215,240,251
pothole,pothole (237).jpg,271,192,23,55,248,192,271,247
pothole,pothole (237).jpg,251,265,16,38,235,265,251,303
pothole,pothole (237).jpg,229,171,12,28,217,171,229,199
pothole,pothole (237).jpg,287,308,15,27,272,308,287,335
pothole,pothole (237).jpg,267,71,10,24,257,71,267,95
pothole,pothole (237).jpg,213,144,5,10,208,144,213,154
pothole,pothole (237).jpg,219,152,7,19,212,152,219,171
pothole,pothole (237).jpg,199,112,5,21,194,112,199,133
pothole,pothole (400).jpg,325,144,37,140,288,144,325,284
pothole,pothole (437).jpg,336,365,42,75,294,365,336,440
pothole,pothole (437).jpg,242,105,18,77,224,105,242,182
pothole,pothole (437).jpg,221,280,16,60,205,280,221,340
pothole,pothole (437).jpg,251,286,39,50,212,286,251,336
pothole,pothole (469).jpg,261,265,19,31,242,265,261,296
pothole,pothole (469).jpg,241,388,17,35,224,388,241,423
pothole,pothole (507).jpg,444,148,16,47,428,148,444,195
pothole,pothole (507).jpg,460,308,20,37,440,308,460,345
pothole,pothole (546).jpg,394,210,16,51,378,210,394,261
pothole,pothole (546).jpg,379,217,12,94,367,217,379,311
pothole,pothole (546).jpg,400,281,20,97,380,281,400,378
pothole,pothole (592).jpg,293,395,23,57,270,395,293,452
pothole,pothole (592).jpg,282,158,26,78,256,158,282,236
pothole,pothole (635).jpg,317,276,22,65,295,276,317,341
pothole,pothole (635).jpg,307,410,12,39,295,410,307,449
pothole,pothole (635).jpg,284,159,20,86,264,159,284,245
pothole,pothole (635).jpg,276,304,20,43,256,304,276,347
pothole,pothole (635).jpg,257,198,13,35,244,198,257,233
pothole,pothole (635).jpg,302,379,15,30,287,379,302,409
pothole,pothole (7).jpg,417,344,28,90,389,344,417,434
pothole,pothole (47).jpg,360,93,51,199,309,93,360,292
pothole,pothole (47).jpg,376,296,31,69,345,296,376,365
pothole,pothole (83).jpg,309,38,21,70,288,38,309,108
pothole,pothole (83).jpg,240,133,25,46,215,133,240,179
pothole,pothole (83).jpg,252,197,17,34,235,197,252,231
pothole,pothole (83).jpg,175,200,11,22,164,200,175,222
pothole,pothole (116).jpg,216,148,26,40,190,148,216,188
pothole,pothole (116).jpg,239,250,12,24,227,250,239,274
pothole,pothole (116).jpg,179,479,13,30,166,479,179,509
pothole,pothole (116).jpg,276,281,49,91,227,281,276,372
pothole,pothole (150).jpg,214,72,16,34,198,72,214,106
pothole,pothole (150).jpg,264,297,32,89,232,297,264,386
pothole,pothole (150).jpg,218,231,27,57,191,231,218,288
pothole,pothole (150).jpg,216,310,24,47,192,310,216,357
pothole,pothole (150).jpg,187,258,18,53,169,258,187,311
pothole,pothole (150).jpg,253,0,32,29,221,0,253,29
pothole,pothole (150).jpg,212,28,23,36,189,28,212,64
pothole,pothole (182).jpg,189,252,17,46,172,252,189,298
pothole,pothole (182).jpg,149,210,10,26,139,210,149,236
pothole,pothole (182).jpg,177,225,11,45,166,225,177,270
pothole,pothole (217).jpg,382,155,30,79,352,155,382,234
pothole,pothole (250).jpg,403,327,29,41,374,327,403,368
pothole,pothole (250).jpg,397,386,28,49,369,386,397,435
pothole,pothole (250).jpg,316,242,16,23,300,242,316,265
pothole,pothole (288).jpg,386,45,49,114,337,45,386,159
pothole,pothole (325).jpg,281,0,40,60,241,0,281,60
pothole,pothole (371).jpg,322,243,41,132,281,243,322,375
pothole,pothole (371).jpg,322,141,46,90,276,141,322,231
pothole,pothole (403).jpg,334,207,27,74,307,207,334,281
pothole,pothole (440).jpg,266,168,38,43,228,168,266,211
pothole,pothole (440).jpg,278,323,35,124,243,323,278,447
pothole,pothole (440).jpg,319,232,49,160,270,232,319,392
pothole,pothole (440).jpg,234,412,23,30,211,412,234,442
pothole,pothole (472).jpg,261,252,15,20,246,252,261,272
pothole,pothole (472).jpg,380,406,16,27,364,406,380,433
pothole,pothole (512).jpg,357,273,30,58,327,273,357,331
pothole,pothole (512).jpg,263,171,16,56,247,171,263,227
pothole,pothole (512).jpg,281,242,19,51,262,242,281,293
pothole,pothole (549).jpg,417,265,47,216,370,265,417,481
pothole,pothole (549).jpg,375,185,33,108,342,185,375,293
pothole,pothole (549).jpg,451,81,18,56,433,81,451,137
pothole,pothole (549).jpg,382,132,20,56,362,132,382,188
pothole,pothole (549).jpg,315,173,20,54,295,173,315,227
pothole,pothole (596).jpg,336,0,53,94,283,0,336,94
pothole,pothole (596).jpg,354,96,23,85,331,96,354,181
pothole,pothole (638).jpg,289,387,44,61,245,387,289,448
pothole,pothole (638).jpg,333,33,40,155,293,33,333,188
pothole,pothole (638).jpg,198,142,15,28,183,142,198,170
pothole,pothole (638).jpg,223,157,21,52,202,157,223,209
pothole,pothole (638).jpg,302,347,28,43,274,347,302,390
pothole,pothole (10).jpg,319,227,30,66,289,227,319,293
pothole,pothole (10).jpg,297,229,20,80,277,229,297,309
pothole,pothole (50).jpg,236,285,33,52,203,285,236,337
pothole,pothole (86).jpg,225,298,26,33,199,298,225,331
pothole,pothole (86).jpg,185,219,20,44,165,219,185,263
pothole,pothole (119).jpg,275,285,37,74,238,285,275,359
pothole,pothole (153).jpg,201,146,19,40,182,146,201,186
pothole,pothole (185).jpg,198,152,25,64,173,152,198,216
pothole,pothole (185).jpg,305,260,26,35,279,260,305,295
pothole,pothole (221).jpg,303,384,38,100,265,384,303,484
pothole,pothole (221).jpg,252,329,22,36,230,329,252,365
pothole,pothole (221).jpg,330,146,24,38,306,146,330,184
pothole,pothole (221).jpg,287,158,23,53,264,158,287,211
pothole,pothole (221).jpg,235,221,16,36,219,221,235,257
pothole,pothole (221).jpg,217,203,11,37,206,203,217,240
pothole,pothole (221).jpg,217,290,11,18,206,290,217,308
pothole,pothole (254).jpg,305,128,30,56,275,128,305,184
pothole,pothole (254).jpg,276,208,29,39,247,208,276,247
pothole,pothole (291).jpg,309,253,36,235,273,253,309,488
pothole,pothole (374).jpg,314,244,23,54,291,244,314,298
pothole,pothole (374).jpg,285,303,34,44,251,303,285,347
pothole,pothole (407).jpg,358,255,44,137,314,255,358,392
pothole,pothole (407).jpg,243,0,31,76,212,0,243,76
pothole,pothole (407).jpg,304,50,29,105,275,50,304,155
pothole,pothole (443).jpg,265,40,41,86,224,40,265,126
pothole,pothole (443).jpg,302,189,32,43,270,189,302,232
pothole,pothole (443).jpg,258,370,24,61,234,370,258,431
pothole,pothole (443).jpg,309,0,37,43,272,0,309,43
pothole,pothole (475).jpg,390,275,55,105,335,275,390,380
pothole,pothole (475).jpg,405,234,38,39,367,234,405,273
pothole,pothole (516).jpg,300,301,16,43,284,301,300,344
pothole,pothole (555).jpg,354,171,24,75,330,171,354,246
pothole,pothole (555).jpg,344,257,28,44,316,257,344,301
pothole,pothole (602).jpg,303,1,28,110,275,1,303,111
pothole,pothole (602).jpg,248,124,21,103,227,124,248,227
pothole,pothole (643).jpg,253,310,20,50,233,310,253,360
pothole,pothole (643).jpg,350,53,44,135,306,53,350,188
pothole,pothole (643).jpg,233,254,10,64,223,254,233,318
pothole,pothole (13).jpg,302,0,48,75,254,0,302,75
pothole,pothole (53).jpg,147,310,44,105,103,310,147,415
pothole,pothole (89).jpg,254,275,35,47,219,275,254,322
pothole,pothole (89).jpg,228,4,35,53,193,4,228,57
pothole,pothole (89).jpg,210,324,29,37,181,324,210,361
pothole,pothole (89).jpg,181,120,17,36,164,120,181,156
pothole,pothole (122).jpg,284,389,41,81,243,389,284,470
pothole,pothole (122).jpg,182,171,14,67,168,171,182,238
pothole,pothole (122).jpg,309,349,26,36,283,349,309,385
pothole,pothole (122).jpg,246,78,20,31,226,78,246,109
pothole,pothole (156).jpg,351,159,18,78,333,159,351,237
pothole,pothole (156).jpg,400,378,50,66,350,378,400,444
pothole,pothole (188).jpg,247,176,34,76,213,176,247,252
pothole,pothole (188).jpg,198,147,27,58,171,147,198,205
pothole,pothole (188).jpg,238,337,39,103,199,337,238,440
pothole,pothole (188).jpg,196,415,23,67,173,415,196,482
pothole,pothole (188).jpg,171,458,22,47,149,458,171,505
pothole,pothole (188).jpg,236,442,35,69,201,442,236,511
pothole,pothole (188).jpg,171,378,13,41,158,378,171,419
pothole,pothole (224).jpg,451,134,22,47,429,134,451,181
pothole,pothole (224).jpg,473,346,39,89,434,346,473,435
pothole,pothole (224).jpg,412,99,13,40,399,99,412,139
pothole,pothole (224).jpg,420,219,13,28,407,219,420,247
pothole,pothole (224).jpg,390,291,14,28,376,291,390,319
pothole,pothole (257).jpg,354,476,23,36,331,476,354,512
pothole,pothole (294).jpg,322,218,35,74,287,218,322,292
pothole,pothole (294).jpg,284,257,23,65,261,257,284,322
pothole,pothole (294).jpg,226,150,15,30,211,150,226,180
pothole,pothole (334).jpg,336,174,36,71,300,174,336,245
pothole,pothole (334).jpg,215,342,17,42,198,342,215,384
pothole,pothole (334).jpg,249,275,17,26,232,275,249,301
pothole,pothole (377).jpg,273,263,25,55,248,263,273,318
pothole,pothole (377).jpg,330,367,48,118,282,367,330,485
pothole,pothole (377).jpg,225,149,11,34,214,149,225,183
pothole,pothole (377).jpg,248,103,15,24,233,103,248,127
pothole,pothole (413).jpg,298,156,50,117,248,156,298,273
pothole,pothole (413).jpg,256,247,26,75,230,247,256,322
pothole,pothole (446).jpg,240,465,30,43,210,465,240,508
pothole,pothole (446).jpg,201,176,13,33,188,176,201,209
pothole,pothole (446).jpg,171,186,12,23,159,186,171,209
pothole,pothole (446).jpg,146,186,10,18,136,186,146,204
pothole,pothole (478).jpg,231,405,14,19,217,405,231,424
pothole,pothole (478).jpg,210,327,20,30,190,327,210,357
pothole,pothole (478).jpg,203,363,27,38,176,363,203,401
pothole,pothole (519).jpg,390,233,30,69,360,233,390,302
pothole,pothole (561).jpg,307,0,33,97,274,0,307,97
pothole,pothole (561).jpg,347,254,22,55,325,254,347,309
pothole,pothole (561).jpg,281,0,12,38,269,0,281,38
pothole,pothole (561).jpg,281,173,21,67,260,173,281,240
pothole,pothole (561).jpg,341,99,23,143,318,99,341,242
pothole,pothole (561).jpg,317,98,23,46,294,98,317,144
pothole,pothole (561).jpg,287,48,20,64,267,48,287,112
pothole,pothole (561).jpg,310,150,20,80,290,150,310,230
pothole,pothole (608).jpg,377,157,49,99,328,157,377,256
pothole,pothole (608).jpg,431,0,44,61,387,0,431,61
pothole,pothole (608).jpg,443,62,36,73,407,62,443,135
pothole,pothole (647).jpg,318,182,30,96,288,182,318,278
pothole,pothole (16).jpg,298,341,25,54,273,341,298,395
pothole,pothole (16).jpg,263,288,11,31,252,288,263,319
pothole,pothole (16).jpg,230,257,19,36,211,257,230,293
pothole,pothole (56).jpg,296,80,27,70,269,80,296,150
pothole,pothole (56).jpg,279,329,23,36,256,329,279,365
pothole,pothole (92).jpg,384,408,30,46,354,408,384,454
pothole,pothole (92).jpg,345,242,16,31,329,242,345,273
pothole,pothole (92).jpg,420,473,30,38,390,473,420,511
pothole,pothole (92).jpg,307,390,15,23,292,390,307,413
pothole,pothole (125).jpg,239,387,23,43,216,387,239,430
pothole,pothole (125).jpg,213,26,19,40,194,26,213,66
pothole,pothole (125).jpg,287,400,28,54,259,400,287,454
pothole,pothole (125).jpg,253,350,17,30,236,350,253,380
pothole,pothole (159).jpg,373,271,18,72,355,271,373,343
pothole,pothole (159).jpg,374,384,21,53,353,384,374,437
pothole,pothole (191).jpg,266,158,22,33,244,158,266,191
pothole,pothole (191).jpg,223,345,27,43,196,345,223,388
pothole,pothole (191).jpg,266,447,32,49,234,447,266,496
pothole,pothole (191).jpg,296,215,25,105,271,215,296,320
pothole,pothole (191).jpg,230,419,33,76,197,419,230,495
pothole,pothole (191).jpg,205,437,18,35,187,437,205,472
pothole,pothole (191).jpg,271,391,34,33,237,391,271,424
pothole,pothole (227).jpg,377,18,24,53,353,18,377,71
pothole,pothole (227).jpg,410,391,15,27,395,391,410,418
pothole,pothole (227).jpg,402,214,12,26,390,214,402,240
pothole,pothole (227).jpg,353,263,14,35,339,263,353,298
pothole,pothole (261).jpg,334,373,29,45,305,373,334,418
pothole,pothole (261).jpg,289,298,24,54,265,298,289,352
pothole,pothole (297).jpg,299,362,20,64,279,362,299,426
pothole,pothole (297).jpg,328,246,25,138,303,246,328,384
pothole,pothole (338).jpg,297,255,24,93,273,255,297,348
pothole,pothole (338).jpg,287,383,41,100,246,383,287,483
pothole,pothole (380).jpg,268,45,47,132,221,45,268,177
pothole,pothole (380).jpg,210,0,46,103,164,0,210,103
pothole,pothole (380).jpg,159,73,44,130,115,73,159,203
pothole,pothole (416).jpg,345,357,37,70,308,357,345,427
pothole,pothole (416).jpg,222,283,12,25,210,283,222,308
pothole,pothole (416).jpg,273,4,26,36,247,4,273,40
pothole,pothole (449).jpg,255,230,45,80,210,230,255,310
pothole,pothole (449).jpg,235,178,24,50,211,178,235,228
pothole,pothole (449).jpg,260,136,29,45,231,136,260,181
pothole,pothole (449).jpg,172,181,13,25,159,181,172,206
pothole,pothole (449).jpg,199,311,14,21,185,311,199,332
pothole,pothole (449).jpg,167,342,18,28,149,342,167,370
pothole,pothole (449).jpg,195,166,25,26,170,166,195,192
pothole,pothole (481).jpg,378,234,45,75,333,234,378,309
pothole,pothole (481).jpg,342,374,29,55,313,374,342,429
pothole,pothole (481).jpg,394,447,33,37,361,447,394,484
pothole,pothole (481).jpg,305,132,23,36,282,132,305,168
pothole,pothole (481).jpg,256,383,26,23,230,383,256,406
pothole,pothole (481).jpg,236,59,33,87,203,59,236,146
pothole,pothole (523).jpg,395,187,18,44,377,187,395,231
pothole,pothole (570).jpg,346,119,28,135,318,119,346,254
pothole,pothole (570).jpg,296,303,22,124,274,303,296,427
pothole,pothole (570).jpg,349,268,48,243,301,268,349,511
pothole,pothole (570).jpg,232,84,13,46,219,84,232,130
pothole,pothole (570).jpg,272,209,18,61,254,209,272,270
pothole,pothole (570).jpg,311,0,30,221,281,0,311,221
pothole,pothole (570).jpg,318,248,26,208,292,248,318,456
pothole,pothole (570).jpg,272,106,13,54,259,106,272,160
pothole,pothole (570).jpg,248,0,9,44,239,0,248,44
pothole,pothole (570).jpg,257,158,13,36,244,158,257,194
pothole,pothole (570).jpg,273,295,16,67,257,295,273,362
pothole,pothole (570).jpg,221,29,9,19,212,29,221,48
pothole,pothole (570).jpg,233,153,15,74,218,153,233,227
pothole,pothole (570).jpg,249,197,19,73,230,197,249,270
pothole,pothole (570).jpg,253,54,16,38,237,54,253,92
pothole,pothole (613).jpg,260,168,14,45,246,168,260,213
pothole,pothole (613).jpg,245,122,16,56,229,122,245,178
pothole,pothole (613).jpg,208,220,12,31,196,220,208,251
pothole,pothole (613).jpg,221,91,18,32,203,91,221,123
pothole,pothole (651).jpg,381,154,31,89,350,154,381,243
pothole,pothole (19).jpg,289,388,33,89,256,388,289,477
pothole,pothole (19).jpg,259,451,23,49,236,451,259,500
pothole,pothole (19).jpg,236,219,19,37,217,219,236,256
pothole,pothole (19).jpg,236,150,9,21,227,150,236,171
pothole,pothole (59).jpg,393,9,48,104,345,9,393,113
pothole,pothole (59).jpg,339,172,29,60,310,172,339,232
pothole,pothole (59).jpg,368,390,29,60,339,390,368,450
pothole,pothole (59).jpg,309,189,17,57,292,189,309,246
pothole,pothole (59).jpg,271,237,21,56,250,237,271,293
pothole,pothole (59).jpg,259,332,15,56,244,332,259,388
pothole,pothole (95).jpg,286,182,28,73,258,182,286,255
pothole,pothole (95).jpg,171,410,8,29,163,410,171,439
pothole,pothole (128).jpg,385,193,24,77,361,193,385,270
pothole,pothole (128).jpg,359,224,15,23,344,224,359,247
pothole,pothole (128).jpg,315,441,38,71,277,441,315,512
pothole,pothole (128).jpg,412,168,15,30,397,168,412,198
pothole,pothole (162).jpg,405,243,35,76,370,243,405,319
pothole,pothole (162).jpg,413,51,26,82,387,51,413,133
pothole,pothole (194).jpg,226,406,71,106,155,406,226,512
pothole,pothole (194).jpg,152,395,59,69,93,395,152,464
pothole,pothole (194).jpg,168,277,35,70,133,277,168,347
pothole,pothole (194).jpg,254,122,77,78,177,122,254,200
pothole,pothole (194).jpg,121,304,28,80,93,304,121,384
pothole,pothole (194).jpg,190,86,38,74,152,86,190,160
pothole,pothole (194).jpg,92,301,20,43,72,301,92,344
pothole,pothole (194).jpg,266,303,15,26,251,303,266,329
pothole,pothole (194).jpg,218,359,35,18,183,359,218,377
pothole,pothole (147).jpg,409,267,22,49,387,267,409,316
pothole,pothole (147).jpg,422,402,26,75,396,402,422,477
pothole,pothole (147).jpg,387,99,20,48,367,99,387,147
pothole,pothole (147).jpg,440,326,18,39,422,326,440,365
pothole,pothole (179).jpg,190,311,28,39,162,311,190,350
pothole,pothole (179).jpg,152,370,15,36,137,370,152,406
pothole,pothole (179).jpg,119,274,14,28,105,274,119,302
pothole,pothole (179).jpg,289,288,15,27,274,288,289,315
pothole,pothole (214).jpg,246,140,28,70,218,140,246,210
pothole,pothole (214).jpg,351,134,17,53,334,134,351,187
pothole,pothole (214).jpg,332,189,15,46,317,189,332,235
pothole,pothole (214).jpg,330,80,16,57,314,80,330,137
pothole,pothole (214).jpg,253,59,22,32,231,59,253,91
pothole,pothole (214).jpg,296,79,19,44,277,79,296,123
pothole,pothole (214).jpg,279,84,13,50,266,84,279,134
pothole,pothole (214).jpg,222,76,13,33,209,76,222,109
pothole,pothole (214).jpg,228,149,12,45,216,149,228,194
pothole,pothole (214).jpg,210,0,23,40,187,0,210,40
pothole,pothole (247).jpg,408,267,24,60,384,267,408,327
pothole,pothole (247).jpg,361,269,20,43,341,269,361,312
pothole,pothole (247).jpg,319,177,9,25,310,177,319,202
pothole,pothole (247).jpg,314,213,9,27,305,213,314,240
pothole,pothole (247).jpg,419,334,17,39,402,334,419,373
pothole,pothole (247).jpg,300,184,10,32,290,184,300,216
pothole,pothole (247).jpg,332,281,20,37,312,281,332,318
pothole,pothole (247).jpg,333,185,24,49,309,185,333,234
pothole,pothole (285).jpg,274,134,38,111,236,134,274,245
pothole,pothole (322).jpg,324,143,26,77,298,143,324,220
pothole,pothole (322).jpg,213,181,29,52,184,181,213,233
pothole,pothole (322).jpg,268,262,30,60,238,262,268,322
pothole,pothole (322).jpg,247,97,33,81,214,97,247,178
pothole,pothole (322).jpg,337,252,28,55,309,252,337,307
pothole,pothole (365).jpg,339,283,30,95,309,283,339,378
